focal.strain	int.id	i.int	j.int	outcome	score.d	score.o	dom.score	psim	pdist	tdist1	tdist2	tdist3	tdist4	i.clade	j.clade	WB	self	RI	RNI	ASYM	SUM
10A	20A	0	1	10A	2	1	1	100	0	0.000142706	470.1581281	0.0304959	172.5152733	Psyr	Psyr	W	0	0	0	1	1
10A	21B	0	0	RNI	2	0	0	100	0	0.00014707	98.35514762	0.040658723	56.94468261	Psyr	Psyr	W	0	0	1	0	1
10A	17A	1	0	17A	1	0	-1	99.9	0.1	7.91E-05	880.6991874	0.26929856	661.1111591	Psyr	Psyr	W	0	0	0	1	1
10A	39C	0	1	10A	2	1	1	99.5	0.5	2.79E-05	236.874998	0.16296702	95.76558167	Psyr	Psyr	W	0	0	0	1	1
10A	16A	1	0	16A	1	0	-1	99.3	0.7	7.86E-05	398.0208992	0.006296569	169.7669241	Psyr	Psyr	W	0	0	0	1	1
10A	14B	1	0	14B	1	0	-1	99.3	0.7	4.64E-05	309.0908866	0.029206439	80.46781429	Psyr	Psyr	W	0	0	0	1	1
10A	46B	0	0	RNI	2	0	0	91.1	8.9	7.30E-05	414.4446155	0.205821397	152.4259597	Psyr	Psyr	W	0	0	1	0	1
10A	02A	1	0	02A	1	0	-1	91.7	8.3	0.000347347	118.6623786	0.111524103	176.5995072	Psyr	Psyr	W	0	0	0	1	1
10A	08A	1	0	08A	1	0	-1	91.7	8.3	0.000310071	954.9093466	0.117007287	83.85697342	Psyr	Psyr	W	0	0	0	1	1
10A	06C	1	0	06C	1	0	-1	91.7	8.3	0.000267316	870.3672348	0.104269277	91.08624026	Psyr	Psyr	W	0	0	0	1	1
10A	4326	0	2	10A	2	2	2	91.7	8.3	0.000105531	534.4767716	0.400500609	573.4050529	Psyr	Psyr	W	0	0	0	1	1
10A	19A	0	0	RNI	2	0	0	91.8	8.2	0.000420775	1137.282663	0.17798337	26.04459071	Psyr	Psyr	W	0	0	1	0	1
10A	07A	1	0	07A	1	0	-1	90.1	9.9	0.000309975	690.9395487	0.1572717	65.74884266	Psyr	Psyr	W	0	0	0	1	1
10A	22D	1	0	22D	1	0	-1	90	10	0.000168357	410.2781126	0.18960073	175.4944131	Psyr	Psyr	W	0	0	0	1	1
10A	22B	1	0	22B	1	0	-1	90	10	0.000300376	480.0986258	0.134882855	78.59504807	Psyr	Psyr	W	0	0	0	1	1
10A	26B	1	0	26B	1	0	-1	90.4	9.6	0.00036149	603.432097	0.074614734	112.4096401	Psyr	Psyr	W	0	0	0	1	1
10A	22C	1	0	22C	1	0	-1	86.1	13.9	NA	NA	NA	NA	Psyr	Psyr	W	0	0	0	1	1
10A	39F	0	2	10A	2	2	2	86.5	13.5	0.000116016	1004.415567	0.513229516	818.2567145	Psyr	Psyr	W	0	0	0	1	1
10A	08C	0	2	10A	2	2	2	86.2	13.8	0.000147766	1108.783358	0.23350118	651.6106861	Psyr	Psyr	W	0	0	0	1	1
10A	23A	1	2	10A	1	2	1	86.3	13.7	0.000147563	943.6500727	0.519324316	807.0140794	Psyr	Psyr	W	0	0	0	1	1
10A	24C	1	1	RI	1	1	0	86.4	13.6	3.58E-05	851.8062729	0.102163921	419.6040149	Psyr	Psyr	W	0	1	0	0	1
10A	21A	1	1	RI	1	1	0	86.7	13.3	0.000107987	528.55332	0.152698269	274.0336055	Psyr	Psyr	W	0	1	0	0	1
10A	20B	1	1	RI	1	1	0	86.7	13.3	8.95E-05	174.4838327	0.140025128	206.6025479	Psyr	Psyr	W	0	1	0	0	1
10A	08B	2	0	08B	0	0	-2	85.7	14.3	0.000913427	519.635977	0.103194048	486.6785039	Psyr	Psyr	W	0	0	0	1	1
10A	36A	2	0	36A	0	0	-2	85.2	14.8	0.000440212	692.8214741	0.063949015	103.7593796	Psyr	Pflu	B	0	0	0	1	1
10A	06B	2	0	06B	0	0	-2	85.2	14.8	0.000581474	585.4927647	0.001133093	223.9627225	Psyr	Pflu	B	0	0	0	1	1
10A	07B	2	0	07B	0	0	-2	85.2	14.8	0.000436281	480.8787657	0.099178206	60.14493081	Psyr	Pflu	B	0	0	0	1	1
10A	43A	2	0	43A	0	0	-2	85.2	14.8	0.000307605	1023.300651	0.066590502	71.56365859	Psyr	Pflu	B	0	0	0	1	1
10A	29A	2	0	29A	0	0	-2	85	15	0.00046235	901.3777727	0.017322525	273.3610435	Psyr	Pflu	B	0	0	0	1	1
10A	39A	2	0	39A	0	0	-2	85.8	14.2	0.000537021	1041.373897	0.042048197	258.9110655	Psyr	Pflu	B	0	0	0	1	1
10A	34A	2	0	34A	0	0	-2	85.7	14.3	0.000395268	998.1990279	0.161374281	25.40386301	Psyr	Pflu	B	0	0	0	1	1
10A	27A	2	0	27A	0	0	-2	85.7	14.3	0.000235851	1161.700742	0.033272774	201.8213895	Psyr	Pflu	B	0	0	0	1	1
10A	36B	2	0	36B	0	0	-2	85.7	14.3	0.000246461	1136.911596	0.039122841	148.7605375	Psyr	Pflu	B	0	0	0	1	1
10A	33E	2	0	33E	0	0	-2	85.7	14.3	0.000265287	1084.63616	0.000462665	204.1318605	Psyr	Pflu	B	0	0	0	1	1
10A	13A	2	0	13A	0	0	-2	85.7	14.3	0.000234375	1140.390473	0.048436341	120.8895901	Psyr	Pflu	B	0	0	0	1	1
10A	03A	2	0	03A	0	0	-2	85.6	14.4	0.000332411	1022.764815	0.020385649	209.9895135	Psyr	Pflu	B	0	0	0	1	1
10A	06A	2	0	06A	0	0	-2	85.6	14.4	0.0003328	1042.124887	0.008972993	243.1285825	Psyr	Pflu	B	0	0	0	1	1
10A	46A	2	0	46A	0	0	-2	85.5	14.5	0.000740136	787.4568658	0.190204207	72.78677681	Psyr	Pflu	B	0	0	0	1	1
20A	21B	2	0	21B	0	0	-2	100	0	4.36E-06	568.5132758	0.010162823	229.459956	Psyr	Psyr	W	0	0	0	1	1
20A	17A	2	0	17A	0	0	-2	100	0	6.36E-05	410.5410593	0.29979446	488.5958857	Psyr	Psyr	W	0	0	0	1	1
20A	24A	1	0	24A	1	0	-1	99.5	0.5	0.000205027	527.3147224	0.129486364	193.3364698	Psyr	Psyr	W	0	0	0	1	1
20A	39C	1	0	39C	1	0	-1	99.5	0.5	0.000114788	233.2831301	0.13247112	76.74969167	Psyr	Psyr	W	0	0	0	1	1
20A	16A	2	0	16A	0	0	-2	99.3	0.7	6.41E-05	72.13722898	0.024199331	2.74834929	Psyr	Psyr	W	0	0	0	1	1
20A	14B	2	0	14B	0	0	-2	99.3	0.7	9.63E-05	161.0672416	0.001289461	92.04745906	Psyr	Psyr	W	0	0	0	1	1
20A	46B	0	0	RNI	2	0	0	91.1	8.9	6.98E-05	884.6027436	0.236317298	20.08931363	Psyr	Psyr	W	0	0	1	0	1
20A	02A	2	0	02A	0	0	-2	91.7	8.3	0.000204641	588.8205067	0.142020004	349.1147805	Psyr	Psyr	W	0	0	0	1	1
20A	08A	2	0	08A	0	0	-2	91.7	8.3	0.000167365	1425.067475	0.147503187	256.3722468	Psyr	Psyr	W	0	0	0	1	1
20A	06C	2	0	06C	0	0	-2	91.7	8.3	0.00012461	400.2091066	0.134765178	263.6015136	Psyr	Psyr	W	0	0	0	1	1
20A	4326	2	2	RI	0	2	0	91.7	8.3	0.000248237	1004.6349	0.430996509	400.8897795	Psyr	Psyr	W	0	1	0	0	1
20A	19A	0	0	RNI	2	0	0	91.8	8.2	0.000278069	1607.440791	0.20847927	198.5598641	Psyr	Psyr	W	0	0	1	0	1
20A	07A	2	0	07A	0	0	-2	90.1	9.9	0.000167269	1161.097677	0.1877676	106.7664307	Psyr	Psyr	W	0	0	0	1	1
20A	22D	2	0	22D	0	0	-2	90	10	2.57E-05	880.4362407	0.22009663	2.979139761	Psyr	Psyr	W	0	0	0	1	1
20A	22B	2	0	22B	0	0	-2	90	10	0.00015767	950.2567539	0.165378755	93.92022528	Psyr	Psyr	W	0	0	0	1	1
20A	26B	2	0	26B	0	0	-2	90.4	9.6	0.000218784	1073.590225	0.105110634	284.9249134	Psyr	Psyr	W	0	0	0	1	1
20A	22C	2	0	22C	0	0	-2	86.1	13.9	NA	NA	NA	NA	Psyr	Psyr	W	0	0	0	1	1
20A	39F	2	0	39F	0	0	-2	86.5	13.5	0.000258722	1474.573695	0.543725416	645.7414412	Psyr	Psyr	W	0	0	0	1	1
20A	08C	2	2	RI	0	2	0	86.2	13.8	5.06E-06	638.6252294	0.26399708	479.0954127	Psyr	Psyr	W	0	1	0	0	1
20A	23A	2	1	23A	0	1	-1	86.3	13.7	0.000290269	1413.808201	0.549820216	634.498806	Psyr	Psyr	W	0	0	0	1	1
20A	24C	2	0	24C	0	0	-2	86.4	13.6	0.000178512	381.6481448	0.132659821	247.0887416	Psyr	Psyr	W	0	0	0	1	1
20A	21A	2	0	21A	0	0	-2	86.7	13.3	3.47E-05	58.39519185	0.183194169	101.5183321	Psyr	Psyr	W	0	0	0	1	1
20A	20B	2	0	20B	0	0	-2	86.7	13.3	5.32E-05	644.6419608	0.170521028	34.08727453	Psyr	Psyr	W	0	0	0	1	1
20A	08B	2	0	08B	0	0	-2	85.7	14.3	0.000770721	49.47784888	0.072698148	659.1937772	Psyr	Psyr	W	0	0	0	1	1
20A	36A	2	0	36A	0	0	-2	85.2	14.8	0.000297506	1162.979602	0.094444915	276.2746529	Psyr	Pflu	B	0	0	0	1	1
20A	06B	2	0	06B	0	0	-2	85.2	14.8	0.000438768	1055.650893	0.029362807	396.4779958	Psyr	Pflu	B	0	0	0	1	1
20A	07B	2	0	07B	0	0	-2	85.2	14.8	0.000293575	951.0368939	0.129674106	112.3703425	Psyr	Pflu	B	0	0	0	1	1
20A	43A	2	0	43A	0	0	-2	85.2	14.8	0.000164899	1493.458779	0.097086402	244.0789319	Psyr	Pflu	B	0	0	0	1	1
20A	29A	2	0	29A	0	0	-2	85	15	0.000319644	1371.535901	0.013173375	445.8763168	Psyr	Pflu	B	0	0	0	1	1
20A	39A	2	0	39A	0	0	-2	85.8	14.2	0.000394315	1511.532025	0.072544097	431.4263388	Psyr	Pflu	B	0	0	0	1	1
20A	34A	2	0	34A	0	0	-2	85.7	14.3	0.000252562	1468.357156	0.191870181	147.1114103	Psyr	Pflu	B	0	0	0	1	1
20A	27A	2	0	27A	0	0	-2	85.7	14.3	9.31E-05	1631.85887	0.063768674	374.3366628	Psyr	Pflu	B	0	0	0	1	1
20A	36B	2	0	36B	0	0	-2	85.7	14.3	0.000103755	1607.069724	0.069618741	321.2758108	Psyr	Pflu	B	0	0	0	1	1
20A	33E	2	0	33E	0	0	-2	85.7	14.3	0.000122581	1554.794288	0.030033235	376.6471338	Psyr	Pflu	B	0	0	0	1	1
20A	13A	2	0	13A	0	0	-2	85.7	14.3	9.17E-05	1610.548601	0.078932241	293.4048634	Psyr	Pflu	B	0	0	0	1	1
20A	03A	2	0	03A	0	0	-2	85.6	14.4	0.000189705	1492.922944	0.050881549	382.5047868	Psyr	Pflu	B	0	0	0	1	1
20A	06A	2	0	06A	0	0	-2	85.6	14.4	0.000190094	1512.283015	0.039468893	415.6438558	Psyr	Pflu	B	0	0	0	1	1
20A	46A	2	0	46A	0	0	-2	85.5	14.5	0.00059743	1257.614994	0.220700107	99.72849653	Psyr	Pflu	B	0	0	0	1	1
21B	17A	0	0	RNI	2	0	0	100	0	6.80E-05	979.054335	0.309957283	718.0558417	Psyr	Psyr	W	0	0	1	0	1
21B	24A	1	0	24A	1	0	-1	99.5	0.5	0.000200663	41.19855334	0.119323541	36.12348616	Psyr	Psyr	W	0	0	0	1	1
21B	39C	0	2	21B	2	2	2	99.5	0.5	0.000119152	335.2301457	0.122308297	152.7102643	Psyr	Psyr	W	0	0	0	1	1
21B	16A	1	0	16A	1	0	-1	99.3	0.7	6.85E-05	496.3760468	0.034362154	226.7116067	Psyr	Psyr	W	0	0	0	1	1
21B	14B	1	0	14B	1	0	-1	99.3	0.7	0.000100669	407.4460342	0.011452284	137.4124969	Psyr	Psyr	W	0	0	0	1	1
21B	46B	0	0	RNI	2	0	0	91.1	8.9	7.41E-05	316.0894679	0.246480121	209.3706423	Psyr	Psyr	W	0	0	1	0	1
21B	02A	2	0	02A	0	0	-2	91.7	8.3	0.000200277	20.30723097	0.152182827	119.6548246	Psyr	Psyr	W	0	0	0	1	1
21B	08A	2	0	08A	0	0	-2	91.7	8.3	0.000163001	856.554199	0.15766601	26.91229081	Psyr	Psyr	W	0	0	0	1	1
21B	06C	1	0	06C	1	0	-1	91.7	8.3	0.000120246	968.7223824	0.144928001	34.14155765	Psyr	Psyr	W	0	0	0	1	1
21B	4326	0	2	21B	2	2	2	91.7	8.3	0.000252601	436.121624	0.441159332	630.3497355	Psyr	Psyr	W	0	0	0	1	1
21B	19A	1	0	19A	1	0	-1	91.8	8.2	0.000273705	1038.927515	0.218642093	30.9000919	Psyr	Psyr	W	0	0	0	1	1
21B	07A	1	0	07A	1	0	-1	90.1	9.9	0.000162905	592.5844011	0.197930423	122.6935253	Psyr	Psyr	W	0	0	0	1	1
21B	22D	1	0	22D	1	0	-1	90	10	2.13E-05	311.922965	0.230259453	232.4390957	Psyr	Psyr	W	0	0	0	1	1
21B	22B	0	0	RNI	2	0	0	90	10	0.000153306	381.7434782	0.175541578	135.5397307	Psyr	Psyr	W	0	0	1	0	1
21B	26B	1	0	26B	1	0	-1	90.4	9.6	0.00021442	505.0769494	0.115273457	55.46495748	Psyr	Psyr	W	0	0	0	1	1
21B	22C	0	0	RNI	2	0	0	86.1	13.9	NA	NA	NA	NA	Psyr	Psyr	W	0	0	1	0	1
21B	39F	0	2	21B	2	2	2	86.5	13.5	0.000263086	906.0604195	0.553888239	875.2013971	Psyr	Psyr	W	0	0	0	1	1
21B	08C	1	2	21B	1	2	1	86.2	13.8	6.96E-07	1207.138505	0.274159903	708.5553687	Psyr	Psyr	W	0	0	0	1	1
21B	23A	1	1	RI	1	1	0	86.3	13.7	0.000294633	845.2949251	0.559983039	863.958762	Psyr	Psyr	W	0	1	0	0	1
21B	24C	1	0	24C	1	0	-1	86.4	13.6	0.000182876	950.1614205	0.142822644	476.5486975	Psyr	Psyr	W	0	0	0	1	1
21B	21A	0	1	21B	2	1	1	86.7	13.3	3.91E-05	626.9084676	0.193356992	330.9782881	Psyr	Psyr	W	0	0	0	1	1
21B	20B	0	1	21B	2	1	1	86.7	13.3	5.76E-05	76.12868507	0.180683851	263.5472305	Psyr	Psyr	W	0	0	0	1	1
21B	08B	2	0	08B	0	0	-2	85.7	14.3	0.000766357	617.9911246	0.062535325	429.7338213	Psyr	Psyr	W	0	0	0	1	1
21B	36A	2	0	36A	0	0	-2	85.2	14.8	0.000293142	594.4663265	0.104607738	46.81469698	Psyr	Pflu	B	0	0	0	1	1
21B	06B	2	0	06B	0	0	-2	85.2	14.8	0.000434404	487.1376171	0.03952563	167.0180399	Psyr	Pflu	B	0	0	0	1	1
21B	07B	2	0	07B	0	0	-2	85.2	14.8	0.000289211	382.5236181	0.139836929	117.0896134	Psyr	Pflu	B	0	0	0	1	1
21B	43A	2	0	43A	0	0	-2	85.2	14.8	0.000160535	924.9455031	0.107249225	14.61897598	Psyr	Pflu	B	0	0	0	1	1
21B	29A	2	0	29A	0	0	-2	85	15	0.00031528	803.0226251	0.023336198	216.4163609	Psyr	Pflu	B	0	0	0	1	1
21B	39A	2	0	39A	0	0	-2	85.8	14.2	0.000389951	943.0187496	0.08270692	201.9663829	Psyr	Pflu	B	0	0	0	1	1
21B	34A	2	0	34A	0	0	-2	85.7	14.3	0.000248198	899.8438803	0.202033004	82.34854562	Psyr	Pflu	B	0	0	0	1	1
21B	27A	2	0	27A	0	0	-2	85.7	14.3	8.88E-05	1063.345594	0.073931497	144.8767069	Psyr	Pflu	B	0	0	0	1	1
21B	36B	2	0	36B	0	0	-2	85.7	14.3	9.94E-05	1038.556449	0.079781564	91.81585488	Psyr	Pflu	B	0	0	0	1	1
21B	33E	2	0	33E	0	0	-2	85.7	14.3	0.000118217	986.2810126	0.040196058	147.1871779	Psyr	Pflu	B	0	0	0	1	1
21B	13A	2	0	13A	0	0	-2	85.7	14.3	8.73E-05	1042.035325	0.089095064	63.94490748	Psyr	Pflu	B	0	0	0	1	1
21B	03A	2	0	03A	0	0	-2	85.6	14.4	0.000185341	924.4096678	0.061044372	153.0448309	Psyr	Pflu	B	0	0	0	1	1
21B	06A	2	0	06A	0	0	-2	85.6	14.4	0.00018573	943.7697391	0.049631716	186.1838999	Psyr	Pflu	B	0	0	0	1	1
21B	46A	2	0	46A	0	0	-2	85.5	14.5	0.000593066	689.1017182	0.23086293	129.7314594	Psyr	Pflu	B	0	0	0	1	1
17A	24A	1	0	24A	1	0	-1	99.6	0.4	0.000268648	937.8557817	0.429280824	681.9323555	Psyr	Psyr	W	0	0	0	1	1
17A	39C	0	1	17A	2	1	1	99.5	0.5	5.12E-05	643.8241894	0.43226558	565.3455774	Psyr	Psyr	W	0	0	0	1	1
17A	16A	2	0	16A	0	0	-2	99.4	0.6	5.19E-07	482.6782882	0.275595129	491.344235	Psyr	Psyr	W	0	0	0	1	1
17A	14B	1	0	14B	1	0	-1	99.4	0.6	3.27E-05	571.6083008	0.298504999	580.6433448	Psyr	Psyr	W	0	0	0	1	1
17A	46B	1	0	46B	1	0	-1	91.2	8.8	6.13E-06	1295.143803	0.063477163	508.6851994	Psyr	Psyr	W	0	0	0	1	1
17A	02A	2	0	02A	0	0	-2	91.8	8.2	0.000268262	999.361566	0.157774457	837.7106663	Psyr	Psyr	W	0	0	0	1	1
17A	08A	2	0	08A	0	0	-2	91.8	8.2	0.000230986	1835.608534	0.152291273	744.9681325	Psyr	Psyr	W	0	0	0	1	1
17A	06C	2	0	06C	0	0	-2	91.8	8.2	0.000188231	10.33195261	0.165029283	752.1973993	Psyr	Psyr	W	0	0	0	1	1
17A	4326	0	2	17A	2	2	2	91.8	8.2	0.000184616	1415.175959	0.131202049	87.70610623	Psyr	Psyr	W	0	0	0	1	1
17A	19A	1	0	19A	1	0	-1	91.8	8.2	0.00034169	2017.98185	0.09131519	687.1557498	Psyr	Psyr	W	0	0	0	1	1
17A	07A	2	0	07A	0	0	-2	90.1	9.9	0.00023089	1571.638736	0.11202686	595.3623164	Psyr	Psyr	W	0	0	0	1	1
17A	22D	0	0	RNI	2	0	0	90.1	9.9	8.93E-05	1290.9773	0.07969783	485.616746	Psyr	Psyr	W	0	0	1	0	1
17A	22B	1	0	22B	1	0	-1	90.1	9.9	0.000221291	1360.797813	0.134415705	582.516111	Psyr	Psyr	W	0	0	0	1	1
17A	26B	1	0	26B	1	0	-1	90.5	9.5	0.000282405	1484.131284	0.194683826	773.5207992	Psyr	Psyr	W	0	0	0	1	1
17A	22C	1	0	22C	1	0	-1	86.2	13.8	NA	NA	NA	NA	Psyr	Psyr	W	0	0	0	1	1
17A	39F	0	2	17A	2	2	2	86.6	13.4	0.000195101	1885.114754	0.243930956	157.1455554	Psyr	Psyr	W	0	0	0	1	1
17A	08C	2	2	RI	0	2	0	86.2	13.8	6.87E-05	228.0841702	0.03579738	9.500473015	Psyr	Psyr	W	0	1	0	0	1
17A	23A	0	2	17A	2	2	2	86.3	13.7	0.000226648	1824.34926	0.250025755	145.9029203	Psyr	Psyr	W	0	0	0	1	1
17A	24C	1	0	24C	1	0	-1	86.4	13.6	0.000114891	28.89291451	0.167134639	241.5071442	Psyr	Psyr	W	0	0	0	1	1
17A	21A	2	1	21A	0	1	-1	86.7	13.3	2.89E-05	352.1458674	0.116600291	387.0775536	Psyr	Psyr	W	0	0	0	1	1
17A	20B	2	0	20B	0	0	-2	86.7	13.3	1.04E-05	1055.18302	0.129273432	454.5086112	Psyr	Psyr	W	0	0	0	1	1
17A	08B	2	0	08B	0	0	-2	85.7	14.3	0.000834342	361.0632104	0.372492608	1147.789663	Psyr	Psyr	W	0	0	0	1	1
17A	36A	2	0	36A	0	0	-2	85.2	14.8	0.000361127	1573.520662	0.205349545	764.8705387	Psyr	Pflu	B	0	0	0	1	1
17A	06B	2	0	06B	0	0	-2	85.2	14.8	0.000502389	1466.191952	0.270431653	885.0738816	Psyr	Pflu	B	0	0	0	1	1
17A	07B	2	0	07B	0	0	-2	85.2	14.8	0.000357196	1361.577953	0.170120354	600.9662283	Psyr	Pflu	B	0	0	0	1	1
17A	43A	2	0	43A	0	0	-2	85.2	14.8	0.00022852	1903.999838	0.202708058	732.6748177	Psyr	Pflu	B	0	0	0	1	1
17A	29A	2	0	29A	0	0	-2	85.1	14.9	0.000383265	1782.07696	0.286621085	934.4722026	Psyr	Pflu	B	0	0	0	1	1
17A	39A	2	0	39A	0	0	-2	85.8	14.2	0.000457936	1922.073085	0.227250363	920.0222246	Psyr	Pflu	B	0	0	0	1	1
17A	34A	2	0	34A	0	0	-2	85.7	14.3	0.000316183	1878.898215	0.107924279	635.7072961	Psyr	Pflu	B	0	0	0	1	1
17A	27A	2	0	27A	0	0	-2	85.7	14.3	0.000156766	2042.399929	0.236025786	862.9325486	Psyr	Pflu	B	0	0	0	1	1
17A	36B	2	0	36B	0	0	-2	85.7	14.3	0.000167376	2017.610784	0.230175719	809.8716966	Psyr	Pflu	B	0	0	0	1	1
17A	33E	2	0	33E	0	0	-2	85.7	14.3	0.000186202	1965.335348	0.269761225	865.2430196	Psyr	Pflu	B	0	0	0	1	1
17A	13A	2	0	13A	0	0	-2	85.7	14.3	0.00015529	2021.08966	0.220862219	782.0007492	Psyr	Pflu	B	0	0	0	1	1
17A	03A	2	0	03A	0	0	-2	85.7	14.3	0.000253326	1903.464003	0.248912911	871.1006726	Psyr	Pflu	B	0	0	0	1	1
17A	06A	2	0	06A	0	0	-2	85.7	14.3	0.000253715	1922.824074	0.260325567	904.2397416	Psyr	Pflu	B	0	0	0	1	1
17A	46A	2	0	46A	0	0	-2	85.5	14.5	0.000661051	1668.156053	0.079094353	588.3243823	Psyr	Pflu	B	0	0	0	1	1
24A	39C	0	2	24A	2	2	2	100	0	0.000319815	294.0315923	0.002984756	116.5867781	Psyr	Psyr	W	0	0	0	1	1
24A	16A	1	0	16A	1	0	-1	99.6	0.4	0.000269167	455.1774934	0.153685695	190.5881205	Psyr	Psyr	W	0	0	0	1	1
24A	14B	1	0	14B	1	0	-1	99.6	0.4	0.000301332	366.2474808	0.130775825	101.2890107	Psyr	Psyr	W	0	0	0	1	1
24A	46B	0	0	RNI	2	0	0	91.1	8.9	0.000274783	357.2880212	0.365803662	173.2471562	Psyr	Psyr	W	0	0	1	0	1
24A	02A	2	0	02A	0	0	-2	92	8	3.86E-07	61.50578432	0.271506368	155.7783108	Psyr	Psyr	W	0	0	0	1	1
24A	08A	1	0	08A	1	0	-1	92	8	3.77E-05	897.7527524	0.276989551	63.03577697	Psyr	Psyr	W	0	0	0	1	1
24A	06C	0	0	RNI	2	0	0	92	8	8.04E-05	927.5238291	0.264251542	70.26504381	Psyr	Psyr	W	0	0	1	0	1
24A	4326	0	2	24A	2	2	2	92	8	0.000453264	477.3201774	0.560482873	594.2262493	Psyr	Psyr	W	0	0	0	1	1
24A	19A	1	0	19A	1	0	-1	91.9	8.1	7.30E-05	1080.126069	0.337965634	5.22339426	Psyr	Psyr	W	0	0	0	1	1
24A	07A	1	0	07A	1	0	-1	90.3	9.7	3.78E-05	633.7829544	0.317253964	86.57003911	Psyr	Psyr	W	0	0	0	1	1
24A	22D	2	0	22D	0	0	-2	90.2	9.8	0.000179376	353.1215183	0.349582994	196.3156096	Psyr	Psyr	W	0	0	0	1	1
24A	22B	1	0	22B	1	0	-1	90.2	9.8	4.74E-05	422.9420315	0.294865119	99.41624451	Psyr	Psyr	W	0	0	0	1	1
24A	26B	2	2	RI	0	2	0	90.7	9.3	1.38E-05	546.2755027	0.234596998	91.58844364	Psyr	Psyr	W	0	1	0	0	1
24A	22C	0	1	24A	2	1	1	86.2	13.8	NA	NA	NA	NA	Psyr	Psyr	W	0	0	0	1	1
24A	39F	0	2	24A	2	2	2	86.6	13.4	0.00046375	947.2589728	0.67321178	839.077911	Psyr	Psyr	W	0	0	0	1	1
24A	08C	1	2	24A	1	2	1	86.3	13.7	0.000199967	1165.939952	0.393483444	672.4318825	Psyr	Psyr	W	0	0	0	1	1
24A	23A	0	2	24A	2	2	2	86.4	13.6	0.000495297	886.4934784	0.67930658	827.8352758	Psyr	Psyr	W	0	0	0	1	1
24A	24C	1	1	RI	1	1	0	86.3	13.7	0.000383539	908.9628672	0.262146185	440.4252114	Psyr	Psyr	W	0	1	0	0	1
24A	21A	1	2	24A	1	2	1	86.7	13.3	0.000239746	585.7099143	0.312680533	294.8548019	Psyr	Psyr	W	0	0	0	1	1
24A	20B	0	2	24A	2	2	2	86.7	13.3	0.000258249	117.3272384	0.300007392	227.4237443	Psyr	Psyr	W	0	0	0	1	1
24A	08B	2	0	08B	0	0	-2	85.8	14.2	0.000565694	576.7925713	0.056788216	465.8573074	Psyr	Psyr	W	0	0	0	1	1
24A	06B	2	0	06B	0	0	-2	85.2	14.8	0.000233741	528.3361704	0.158849171	203.141526	Psyr	Pflu	B	0	0	0	1	1
24A	43A	2	0	43A	0	0	-2	85.2	14.8	4.01E-05	966.1440564	0.226572766	50.74246214	Psyr	Pflu	B	0	0	0	1	1
24A	39A	2	0	39A	0	0	-2	85.7	14.3	0.000189288	984.2173029	0.202030461	238.089869	Psyr	Pflu	B	0	0	0	1	1
24A	34A	2	0	34A	0	0	-2	85.5	14.5	4.75E-05	941.0424336	0.321356545	46.22505946	Psyr	Pflu	B	0	0	0	1	1
24A	27A	2	0	27A	0	0	-2	85.6	14.4	0.000111882	1104.544148	0.193255038	181.000193	Psyr	Pflu	B	0	0	0	1	1
24A	03A	2	0	03A	0	0	-2	85.5	14.5	1.53E-05	965.6082211	0.180367913	189.168317	Psyr	Pflu	B	0	0	0	1	1
24A	06A	2	0	06A	0	0	-2	85.5	14.5	1.49E-05	984.9682924	0.168955257	222.307386	Psyr	Pflu	B	0	0	0	1	1
39C	16A	2	0	16A	0	0	-2	99.6	0.4	5.06E-05	161.1459011	0.156670452	74.00134238	Psyr	Psyr	W	0	0	0	1	1
39C	14B	2	0	14B	0	0	-2	99.6	0.4	1.85E-05	72.21588851	0.133760581	15.29776738	Psyr	Psyr	W	0	0	0	1	1
39C	46B	1	2	39C	1	2	1	91.1	8.9	4.50E-05	651.3196135	0.368788418	56.66037804	Psyr	Psyr	W	0	0	0	1	1
39C	02A	2	0	02A	0	0	-2	91.9	8.1	0.000319429	355.5373766	0.274491124	272.3650889	Psyr	Psyr	W	0	0	0	1	1
39C	08A	2	0	08A	0	0	-2	91.9	8.1	0.000282153	1191.784345	0.279974308	179.6225551	Psyr	Psyr	W	0	0	0	1	1
39C	06C	2	0	06C	0	0	-2	91.9	8.1	0.000239398	633.4922367	0.267236298	186.8518219	Psyr	Psyr	W	0	0	0	1	1
39C	4326	0	2	39C	2	2	2	91.9	8.1	0.000133449	771.3517697	0.563467629	477.6394712	Psyr	Psyr	W	0	0	0	1	1
39C	19A	2	0	19A	0	0	-2	91.9	8.1	0.000392857	1374.157661	0.340950391	121.8101724	Psyr	Psyr	W	0	0	0	1	1
39C	07A	2	0	07A	0	0	-2	90.2	9.8	0.000282057	927.8145467	0.32023872	30.01673901	Psyr	Psyr	W	0	0	0	1	1
39C	22D	2	0	22D	0	0	-2	90.1	9.9	0.000140439	647.1531106	0.35256775	79.72883143	Psyr	Psyr	W	0	0	0	1	1
39C	22B	1	2	39C	1	2	1	90.1	9.9	0.000272458	716.9736238	0.297849876	17.1705336	Psyr	Psyr	W	0	0	0	1	1
39C	26B	2	0	26B	0	0	-2	90.6	9.4	0.000333572	840.307095	0.237581754	208.1752218	Psyr	Psyr	W	0	0	0	1	1
39C	22C	1	0	22C	1	0	-1	86.2	13.8	NA	NA	NA	NA	Psyr	Psyr	W	0	0	0	1	1
39C	39F	1	2	39C	1	2	1	86.6	13.4	0.000143934	1241.290565	0.676196536	722.4911328	Psyr	Psyr	W	0	0	0	1	1
39C	08C	0	2	39C	2	2	2	86.3	13.7	0.000119848	871.9083595	0.396468201	555.8451044	Psyr	Psyr	W	0	0	0	1	1
39C	23A	1	2	39C	1	2	1	86.4	13.6	0.000175481	1180.525071	0.682291336	711.2484977	Psyr	Psyr	W	0	0	0	1	1
39C	24C	1	0	24C	1	0	-1	86.3	13.7	6.37E-05	614.9312748	0.265130941	323.8384333	Psyr	Psyr	W	0	0	0	1	1
39C	21A	1	0	21A	1	0	-1	86.7	13.3	8.01E-05	291.6783219	0.315665289	178.2680238	Psyr	Psyr	W	0	0	0	1	1
39C	20B	2	1	20B	0	1	-1	86.7	13.3	6.16E-05	411.3588307	0.302992149	110.8369662	Psyr	Psyr	W	0	0	0	1	1
39C	08B	2	0	08B	0	0	-2	85.8	14.2	0.000885509	282.760979	0.059772972	582.4440855	Psyr	Psyr	W	0	0	0	1	1
39C	36A	2	0	36A	0	0	-2	85.2	14.8	0.000412294	929.6964722	0.226916035	199.5249613	Psyr	Pflu	B	0	0	0	1	1
39C	06B	2	0	06B	0	0	-2	85.2	14.8	0.000553556	822.3677628	0.161833927	319.7283042	Psyr	Pflu	B	0	0	0	1	1
39C	07B	2	0	07B	0	0	-2	85.2	14.8	0.000408363	717.7537638	0.262145226	35.62065086	Psyr	Pflu	B	0	0	0	1	1
39C	43A	2	0	43A	0	0	-2	85.2	14.8	0.000279687	1260.175649	0.229557522	167.3292403	Psyr	Pflu	B	0	0	0	1	1
39C	29A	2	0	29A	0	0	-2	85	15	0.000434432	1138.252771	0.145644495	369.1266252	Psyr	Pflu	B	0	0	0	1	1
39C	39A	2	0	39A	0	0	-2	85.7	14.3	0.000509103	1278.248895	0.205015217	354.6766472	Psyr	Pflu	B	0	0	0	1	1
39C	34A	2	0	34A	0	0	-2	85.5	14.5	0.00036735	1235.074026	0.324341301	70.36171866	Psyr	Pflu	B	0	0	0	1	1
39C	27A	2	0	27A	0	0	-2	85.6	14.4	0.000207933	1398.57574	0.196239794	297.5869712	Psyr	Pflu	B	0	0	0	1	1
39C	36B	2	0	36B	0	0	-2	85.6	14.4	0.000218543	1373.786594	0.202089861	244.5261192	Psyr	Pflu	B	0	0	0	1	1
39C	33E	2	0	33E	0	0	-2	85.6	14.4	0.000237369	1321.511158	0.162504355	299.8974422	Psyr	Pflu	B	0	0	0	1	1
39C	13A	2	0	13A	0	0	-2	85.6	14.4	0.000206457	1377.265471	0.211403361	216.6551718	Psyr	Pflu	B	0	0	0	1	1
39C	03A	2	0	03A	0	0	-2	85.5	14.5	0.000304493	1259.639813	0.183352669	305.7550952	Psyr	Pflu	B	0	0	0	1	1
39C	06A	2	0	06A	0	0	-2	85.5	14.5	0.000304882	1278.999885	0.171940013	338.8941642	Psyr	Pflu	B	0	0	0	1	1
39C	46A	2	0	46A	0	0	-2	85.4	14.6	0.000712218	1024.331864	0.353171227	22.97880486	Psyr	Pflu	B	0	0	0	1	1
16A	14B	0	0	RNI	2	0	0	100	0	3.22E-05	88.9300126	0.02290987	89.29910977	Psyr	Psyr	W	0	0	1	0	1
16A	46B	0	2	16A	2	2	2	91.1	8.9	5.62E-06	812.4655146	0.212117966	17.34096434	Psyr	Psyr	W	0	0	0	1	1
16A	02A	0	0	RNI	2	0	0	92	8	0.000268781	516.6832778	0.117820672	346.3664313	Psyr	Psyr	W	0	0	1	0	1
16A	08A	2	0	08A	0	0	-2	92	8	0.000231505	1352.930246	0.123303856	253.6238975	Psyr	Psyr	W	0	0	0	1	1
16A	06C	0	0	RNI	2	0	0	92	8	0.00018875	472.3463356	0.110565846	260.8531643	Psyr	Psyr	W	0	0	1	0	1
16A	4326	0	2	16A	2	2	2	92	8	0.000184097	932.4976708	0.406797177	403.6381288	Psyr	Psyr	W	0	0	0	1	1
16A	19A	0	0	RNI	2	0	0	91.9	8.1	0.000342209	1535.303562	0.184279939	195.8115148	Psyr	Psyr	W	0	0	1	0	1
16A	07A	1	0	07A	1	0	-1	90.1	9.9	0.000231409	1088.960448	0.163568269	104.0180814	Psyr	Psyr	W	0	0	0	1	1
16A	22D	0	0	RNI	2	0	0	90.1	9.9	8.98E-05	808.2990117	0.195897298	5.727489051	Psyr	Psyr	W	0	0	1	0	1
16A	22B	0	0	RNI	2	0	0	90.1	9.9	0.00022181	878.1195249	0.141179424	91.17187599	Psyr	Psyr	W	0	0	1	0	1
16A	26B	1	1	RI	1	1	0	90.5	9.5	0.000282924	1001.452996	0.080911303	282.1765641	Psyr	Psyr	W	0	1	0	0	1
16A	22C	0	1	16A	2	1	1	86.1	13.9	NA	NA	NA	NA	Psyr	Psyr	W	0	0	0	1	1
16A	39F	0	2	16A	2	2	2	86.5	13.5	0.000194582	1402.436466	0.519526085	648.4897905	Psyr	Psyr	W	0	0	0	1	1
16A	08C	0	2	16A	2	2	2	86.2	13.8	6.92E-05	710.7624584	0.239797749	481.843762	Psyr	Psyr	W	0	0	0	1	1
16A	23A	0	2	16A	2	2	2	86.3	13.7	0.000226129	1341.670972	0.525620884	637.2471553	Psyr	Psyr	W	0	0	0	1	1
16A	24C	1	2	16A	1	2	1	86.3	13.7	0.000114372	453.7853737	0.10846049	249.8370909	Psyr	Psyr	W	0	0	0	1	1
16A	21A	1	2	16A	1	2	1	86.6	13.4	2.94E-05	130.5324208	0.158994837	104.2666814	Psyr	Psyr	W	0	0	0	1	1
16A	20B	0	2	16A	2	2	2	86.6	13.4	1.09E-05	572.5047318	0.146321697	36.83562382	Psyr	Psyr	W	0	0	0	1	1
16A	08B	2	0	08B	0	0	-2	85.9	14.1	0.000834861	121.6150779	0.09689748	656.4454279	Psyr	Psyr	W	0	0	0	1	1
16A	36A	2	0	36A	0	0	-2	85.1	14.9	0.000361646	1090.842373	0.070245584	273.5263036	Psyr	Pflu	B	0	0	0	1	1
16A	06B	2	0	06B	0	0	-2	85.1	14.9	0.000502908	983.5136639	0.005163476	393.7296465	Psyr	Pflu	B	0	0	0	1	1
16A	07B	2	0	07B	0	0	-2	85.1	14.9	0.000357715	878.8996649	0.105474775	109.6219932	Psyr	Pflu	B	0	0	0	1	1
16A	43A	2	0	43A	0	0	-2	85.1	14.9	0.000229039	1421.32155	0.072887071	241.3305826	Psyr	Pflu	B	0	0	0	1	1
16A	29A	2	0	29A	0	0	-2	85	15	0.000383784	1299.398672	0.011025956	443.1279675	Psyr	Pflu	B	0	0	0	1	1
16A	39A	2	0	39A	0	0	-2	85.8	14.2	0.000458455	1439.394796	0.048344766	428.6779895	Psyr	Pflu	B	0	0	0	1	1
16A	34A	2	0	34A	0	0	-2	85.5	14.5	0.000316702	1396.219927	0.16767085	144.363061	Psyr	Pflu	B	0	0	0	1	1
16A	27A	2	0	27A	0	0	-2	85.5	14.5	0.000157285	1559.721641	0.039569343	371.5883135	Psyr	Pflu	B	0	0	0	1	1
16A	36B	2	0	36B	0	0	-2	85.5	14.5	0.000167895	1534.932495	0.04541941	318.5274615	Psyr	Pflu	B	0	0	0	1	1
16A	33E	2	0	33E	0	0	-2	85.5	14.5	0.000186721	1482.657059	0.005833904	373.8987845	Psyr	Pflu	B	0	0	0	1	1
16A	13A	2	0	13A	0	0	-2	85.5	14.5	0.000155809	1538.411372	0.05473291	290.6565141	Psyr	Pflu	B	0	0	0	1	1
16A	03A	2	0	03A	0	0	-2	85.5	14.5	0.000253845	1420.785715	0.026682218	379.7564375	Psyr	Pflu	B	0	0	0	1	1
16A	06A	2	0	06A	0	0	-2	85.5	14.5	0.000254234	1440.145786	0.015269562	412.8955065	Psyr	Pflu	B	0	0	0	1	1
16A	46A	2	0	46A	0	0	-2	85.3	14.7	0.00066157	1185.477765	0.196500776	96.98014724	Psyr	Pflu	B	0	0	0	1	1
14B	46B	0	1	14B	2	1	1	91.1	8.9	2.65E-05	723.535502	0.235027837	71.95814542	Psyr	Psyr	W	0	0	0	1	1
14B	02A	1	0	02A	1	0	-1	92	8	0.000300946	427.7532652	0.140730543	257.0673215	Psyr	Psyr	W	0	0	0	1	1
14B	08A	1	0	08A	1	0	-1	92	8	0.00026367	1264.000233	0.146213726	164.3247877	Psyr	Psyr	W	0	0	0	1	1
14B	06C	1	0	06C	1	0	-1	92	8	0.000220915	561.2763482	0.133475717	171.5540545	Psyr	Psyr	W	0	0	0	1	1
14B	4326	0	2	14B	2	2	2	92	8	0.000151932	843.5676582	0.429707048	492.9372386	Psyr	Psyr	W	0	0	0	1	1
14B	19A	0	0	RNI	2	0	0	91.9	8.1	0.000374374	1446.373549	0.207189809	106.512405	Psyr	Psyr	W	0	0	1	0	1
14B	07A	1	0	07A	1	0	-1	90.1	9.9	0.000263574	1000.030435	0.186478139	14.71897163	Psyr	Psyr	W	0	0	0	1	1
14B	22D	1	0	22D	1	0	-1	90.1	9.9	0.000121956	719.3689991	0.218807169	95.02659882	Psyr	Psyr	W	0	0	0	1	1
14B	22B	0	0	RNI	2	0	0	90.1	9.9	0.000253975	789.1895123	0.164089294	1.872766222	Psyr	Psyr	W	0	0	1	0	1
14B	26B	1	0	26B	1	0	-1	90.5	9.5	0.000315089	912.5229835	0.103821173	192.8774544	Psyr	Psyr	W	0	0	0	1	1
14B	22C	0	0	RNI	2	0	0	86.1	13.9	NA	NA	NA	NA	Psyr	Psyr	W	0	0	1	0	1
14B	39F	0	2	14B	2	2	2	86.5	13.5	0.000162417	1313.506454	0.542435955	737.7889002	Psyr	Psyr	W	0	0	0	1	1
14B	08C	0	2	14B	2	2	2	86.2	13.8	0.000101365	799.692471	0.262707619	571.1428718	Psyr	Psyr	W	0	0	0	1	1
14B	23A	0	2	14B	2	2	2	86.3	13.7	0.000193964	1252.740959	0.548530755	726.5462651	Psyr	Psyr	W	0	0	0	1	1
14B	24C	1	2	14B	1	2	1	86.3	13.7	8.22E-05	542.7153863	0.13137036	339.1362006	Psyr	Psyr	W	0	0	0	1	1
14B	21A	1	2	14B	1	2	1	86.6	13.4	6.16E-05	219.4624334	0.181904708	193.5657912	Psyr	Psyr	W	0	0	0	1	1
14B	20B	0	2	14B	2	2	2	86.6	13.4	4.31E-05	483.5747192	0.169231567	126.1347336	Psyr	Psyr	W	0	0	0	1	1
14B	08B	2	0	08B	0	0	-2	85.9	14.1	0.000867026	210.5450905	0.073987609	567.1463182	Psyr	Psyr	W	0	0	0	1	1
14B	36A	1	0	36A	1	0	-1	85.1	14.9	0.000393811	1001.912361	0.093155454	184.2271939	Psyr	Pflu	B	0	0	0	1	1
14B	06B	2	0	06B	0	0	-2	85.1	14.9	0.000535073	894.5836513	0.028073346	304.4305368	Psyr	Pflu	B	0	0	0	1	1
14B	07B	2	0	07B	0	0	-2	85.1	14.9	0.00038988	789.9696523	0.128384645	20.32288347	Psyr	Pflu	B	0	0	0	1	1
14B	43A	2	0	43A	0	0	-2	85.1	14.9	0.000261204	1332.391537	0.095796941	152.0314729	Psyr	Pflu	B	0	0	0	1	1
14B	29A	2	0	29A	0	0	-2	85	15	0.000415949	1210.468659	0.011883914	353.8288578	Psyr	Pflu	B	0	0	0	1	1
14B	39A	2	0	39A	0	0	-2	85.8	14.2	0.00049062	1350.464784	0.071254636	339.3788798	Psyr	Pflu	B	0	0	0	1	1
14B	34A	2	0	34A	0	0	-2	85.5	14.5	0.000348867	1307.289914	0.19058072	55.06395127	Psyr	Pflu	B	0	0	0	1	1
14B	27A	2	0	27A	0	0	-2	85.5	14.5	0.00018945	1470.791629	0.062479213	282.2892038	Psyr	Pflu	B	0	0	0	1	1
14B	36B	2	0	36B	0	0	-2	85.5	14.5	0.00020006	1446.002483	0.06832928	229.2283518	Psyr	Pflu	B	0	0	0	1	1
14B	33E	2	0	33E	0	0	-2	85.5	14.5	0.000218886	1393.727047	0.028743774	284.5996748	Psyr	Pflu	B	0	0	0	1	1
14B	13A	2	0	13A	0	0	-2	85.5	14.5	0.000187974	1449.481359	0.07764278	201.3574044	Psyr	Pflu	B	0	0	0	1	1
14B	03A	2	0	03A	0	0	-2	85.5	14.5	0.00028601	1331.855702	0.049592088	290.4573278	Psyr	Pflu	B	0	0	0	1	1
14B	06A	2	0	06A	0	0	-2	85.5	14.5	0.000286399	1351.215773	0.038179432	323.5963968	Psyr	Pflu	B	0	0	0	1	1
14B	46A	2	0	46A	0	0	-2	85.3	14.7	0.000693735	1096.547752	0.219410646	7.681037475	Psyr	Pflu	B	0	0	0	1	1
46B	02A	2	0	02A	0	0	-2	93.9	6.1	0.000274397	295.7822369	0.094297294	329.0254669	Psyr	Psyr	W	0	0	0	1	1
46B	08A	2	0	08A	0	0	-2	93.9	6.1	0.000237121	540.4647312	0.08881411	236.2829331	Psyr	Psyr	W	0	0	0	1	1
46B	06C	2	0	06C	0	0	-2	93.9	6.1	0.000194366	1284.81185	0.10155212	243.5122	Psyr	Psyr	W	0	0	0	1	1
46B	4326	2	1	4326	0	1	-1	93.9	6.1	0.000178481	120.0321561	0.194679211	420.9790931	Psyr	Psyr	W	0	0	0	1	1
46B	19A	1	0	19A	1	0	-1	94	6	0.000347825	722.8380473	0.027838027	178.4705504	Psyr	Psyr	W	0	0	0	1	1
46B	07A	2	0	07A	0	0	-2	89.9	10.1	0.000237025	276.4949332	0.048549698	86.67711705	Psyr	Psyr	W	0	0	0	1	1
46B	22D	2	0	22D	0	0	-2	90.1	9.9	9.54E-05	4.166502909	0.016220668	23.06845339	Psyr	Psyr	W	0	0	0	1	1
46B	22B	2	0	22B	0	0	-2	90.1	9.9	0.000227426	65.6540103	0.070938542	73.83091164	Psyr	Psyr	W	0	0	0	1	1
46B	26B	2	0	26B	0	0	-2	90.1	9.9	0.00028854	188.9874815	0.131206663	264.8355998	Psyr	Psyr	W	0	0	0	1	1
46B	22C	2	0	22C	0	0	-2	85.5	14.5	NA	NA	NA	NA	Psyr	Psyr	W	0	0	0	1	1
46B	39F	2	0	39F	0	0	-2	86.3	13.7	0.000188966	589.9709516	0.307408119	665.8307548	Psyr	Psyr	W	0	0	0	1	1
46B	08C	2	0	08C	0	0	-2	86.5	13.5	7.48E-05	1523.227973	0.027679783	499.1847264	Psyr	Psyr	W	0	0	0	1	1
46B	23A	2	0	23A	0	0	-2	86.6	13.4	0.000220513	529.2054572	0.313502918	654.5881196	Psyr	Psyr	W	0	0	0	1	1
46B	24C	2	0	24C	0	0	-2	86.7	13.3	0.000108756	1266.250888	0.103657476	267.1780552	Psyr	Psyr	W	0	0	0	1	1
46B	21A	2	0	21A	0	0	-2	86.1	13.9	3.50E-05	942.9979355	0.053123129	121.6076457	Psyr	Psyr	W	0	0	0	1	1
46B	20B	2	0	20B	0	0	-2	86.1	13.9	1.65E-05	239.9607828	0.065796269	54.17658816	Psyr	Psyr	W	0	0	0	1	1
46B	08B	1	0	08B	1	0	-1	84.4	15.6	0.000840477	934.0805925	0.309015446	639.1044636	Psyr	Psyr	W	0	0	0	1	1
46B	36A	2	0	36A	0	0	-2	84.6	15.4	0.000367262	278.3768586	0.141872383	256.1853393	Psyr	Pflu	B	0	0	0	1	1
46B	06B	2	0	06B	0	0	-2	84.6	15.4	0.000508524	171.0481492	0.206954491	376.3886822	Psyr	Pflu	B	0	0	0	1	1
46B	07B	2	0	07B	0	0	-2	84.6	15.4	0.000363331	66.43415024	0.106643192	92.2810289	Psyr	Pflu	B	0	0	0	1	1
46B	43A	2	0	43A	0	0	-2	84.3	15.7	0.000234655	608.8560352	0.139230896	223.9896183	Psyr	Pflu	B	0	0	0	1	1
46B	29A	2	0	29A	0	0	-2	84.2	15.8	0.0003894	486.9331572	0.223143923	425.7870032	Psyr	Pflu	B	0	0	0	1	1
46B	39A	2	0	39A	0	0	-2	84.8	15.2	0.000464071	626.9292817	0.163773201	411.3370252	Psyr	Pflu	B	0	0	0	1	1
46B	34A	2	0	34A	0	0	-2	85.1	14.9	0.000322318	583.7544124	0.044447117	127.0220967	Psyr	Pflu	B	0	0	0	1	1
46B	27A	2	0	27A	0	0	-2	85	15	0.000162901	747.2561265	0.172548624	354.2473492	Psyr	Pflu	B	0	0	0	1	1
46B	36B	2	0	36B	0	0	-2	85	15	0.000173511	722.4669808	0.166698557	301.1864972	Psyr	Pflu	B	0	0	0	1	1
46B	33E	2	0	33E	0	0	-2	85	15	0.000192337	670.1915447	0.206284063	356.5578202	Psyr	Pflu	B	0	0	0	1	1
46B	13A	2	0	13A	0	0	-2	85	15	0.000161425	725.9458573	0.157385057	273.3155498	Psyr	Pflu	B	0	0	0	1	1
46B	03A	0	0	RNI	2	0	0	84.9	15.1	0.000259461	608.3201999	0.185435749	362.4154732	Psyr	Pflu	B	0	0	1	0	1
46B	06A	2	0	06A	0	0	-2	84.9	15.1	0.00025985	627.6802712	0.196848405	395.5545422	Psyr	Pflu	B	0	0	0	1	1
46B	46A	2	0	46A	0	0	-2	85	15	0.000667186	373.0122503	0.015617191	79.6391829	Psyr	Pflu	B	0	0	0	1	1
02A	08A	0	1	02A	2	1	1	100	0	3.73E-05	836.2469681	0.005483184	92.74253379	Psyr	Psyr	W	0	0	0	1	1
02A	06C	0	1	02A	2	1	1	100	0	8.00E-05	989.0296134	0.007254826	85.51326695	Psyr	Psyr	W	0	0	0	1	1
02A	4326	0	2	02A	2	2	2	100	0	0.000452878	415.814393	0.288976505	750.0045601	Psyr	Psyr	W	0	0	0	1	1
02A	19A	0	1	02A	2	1	1	99.5	0.5	7.34E-05	1018.620284	0.066459267	150.5549165	Psyr	Psyr	W	0	0	0	1	1
02A	07A	0	0	RNI	2	0	0	89.7	10.3	3.74E-05	572.2771701	0.045747596	242.3483499	Psyr	Psyr	W	0	0	1	0	1
02A	22D	0	0	RNI	2	0	0	89.7	10.3	0.00017899	291.615734	0.078076626	352.0939203	Psyr	Psyr	W	0	0	1	0	1
02A	22B	1	0	22B	1	0	-1	89.7	10.3	4.70E-05	361.4362472	0.023358752	255.1945553	Psyr	Psyr	W	0	0	0	1	1
02A	26B	1	1	RI	1	1	0	89.7	10.3	1.41E-05	484.7697184	0.036909369	64.18986712	Psyr	Psyr	W	0	1	0	0	1
02A	22C	0	2	02A	2	2	2	86.4	13.6	NA	NA	NA	NA	Psyr	Psyr	W	0	0	0	1	1
02A	39F	0	2	02A	2	2	2	85.9	14.1	0.000463363	885.7531885	0.401705413	994.8562217	Psyr	Psyr	W	0	0	0	1	1
02A	08C	0	2	02A	2	2	2	86.2	13.8	0.000199581	1227.445736	0.121977077	828.2101933	Psyr	Psyr	W	0	0	0	1	1
02A	23A	0	2	02A	2	2	2	86.4	13.6	0.00049491	824.9876941	0.407800212	983.6135866	Psyr	Psyr	W	0	0	0	1	1
02A	24C	0	2	02A	2	2	2	87.4	12.6	0.000383153	970.4686515	0.009360182	596.2035221	Psyr	Psyr	W	0	0	0	1	1
02A	21A	0	2	02A	2	2	2	86.7	13.3	0.00023936	647.2156986	0.041174165	450.6331127	Psyr	Psyr	W	0	0	0	1	1
02A	20B	0	2	02A	2	2	2	86.7	13.3	0.000257863	55.8214541	0.028501025	383.2020551	Psyr	Psyr	W	0	0	0	1	1
02A	08B	2	0	08B	0	0	-2	84.6	15.4	0.00056608	638.2983556	0.214718152	310.0789967	Psyr	Psyr	W	0	0	0	1	1
02A	36A	2	1	36A	0	1	-1	85	15	9.29E-05	574.1590955	0.047575089	72.84012762	Psyr	Pflu	B	0	0	0	1	1
02A	06B	2	0	06B	0	0	-2	85	15	0.000234127	466.8303861	0.112657197	47.36321528	Psyr	Pflu	B	0	0	0	1	1
02A	07B	1	0	07B	1	0	-1	85	15	8.89E-05	362.2163871	0.012345898	236.744438	Psyr	Pflu	B	0	0	0	1	1
02A	43A	2	0	43A	0	0	-2	85	15	3.97E-05	904.6382721	0.044933602	105.0358486	Psyr	Pflu	B	0	0	0	1	1
02A	29A	2	0	29A	0	0	-2	84.9	15.1	0.000115003	782.7153941	0.128846629	96.76153628	Psyr	Pflu	B	0	0	0	1	1
02A	39A	2	0	39A	0	0	-2	85.7	14.3	0.000189674	922.7115186	0.069475907	82.31155828	Psyr	Pflu	B	0	0	0	1	1
02A	34A	2	0	34A	0	0	-2	85.1	14.9	4.79E-05	879.5366493	0.049850177	202.0033702	Psyr	Pflu	B	0	0	0	1	1
02A	27A	2	0	27A	0	0	-2	85.6	14.4	0.000111496	1043.038363	0.07825133	25.22188228	Psyr	Pflu	B	0	0	0	1	1
02A	36B	2	0	36B	0	0	-2	85.6	14.4	0.000100886	1018.249218	0.072401263	27.83896972	Psyr	Pflu	B	0	0	0	1	1
02A	33E	2	0	33E	0	0	-2	85.6	14.4	8.21E-05	965.9737816	0.111986769	27.53235328	Psyr	Pflu	B	0	0	0	1	1
02A	13A	2	0	13A	0	0	-2	85.6	14.4	0.000112972	1021.728094	0.063087763	55.70991712	Psyr	Pflu	B	0	0	0	1	1
02A	03A	2	0	03A	0	0	-2	85.5	14.5	1.49E-05	904.1024368	0.091138455	33.39000628	Psyr	Pflu	B	0	0	0	1	1
02A	06A	2	0	06A	0	0	-2	85.5	14.5	1.45E-05	923.4625081	0.102551111	66.52907528	Psyr	Pflu	B	0	0	0	1	1
02A	46A	2	0	46A	0	0	-2	85.2	14.8	0.000392789	668.7944872	0.078680103	249.386284	Psyr	Pflu	B	0	0	0	1	1
08A	06C	0	1	08A	2	1	1	100	0	4.28E-05	1825.276581	0.01273801	7.229266838	Psyr	Psyr	W	0	0	0	1	1
08A	4326	0	2	08A	2	2	2	100	0	0.000415602	420.432575	0.283493321	657.2620263	Psyr	Psyr	W	0	0	0	1	1
08A	19A	0	0	RNI	2	0	0	99.5	0.5	0.000110704	182.3733162	0.060976083	57.81238271	Psyr	Psyr	W	0	0	1	0	1
08A	07A	1	0	07A	1	0	-1	89.7	10.3	9.58E-08	263.969798	0.040264413	149.6058161	Psyr	Psyr	W	0	0	0	1	1
08A	22D	1	0	22D	1	0	-1	89.7	10.3	0.000141714	544.6312341	0.072593442	259.3513865	Psyr	Psyr	W	0	0	0	1	1
08A	22B	0	0	RNI	2	0	0	89.7	10.3	9.69E-06	474.8107209	0.017875568	162.4520215	Psyr	Psyr	W	0	0	1	0	1
08A	26B	0	0	RNI	2	0	0	89.7	10.3	5.14E-05	351.4772497	0.042392553	28.55266667	Psyr	Psyr	W	0	0	1	0	1
08A	22C	1	1	RI	1	1	0	86.4	13.6	NA	NA	NA	NA	Psyr	Psyr	W	0	1	0	0	1
08A	39F	0	2	08A	2	2	2	85.9	14.1	0.000426087	49.50622043	0.396222229	902.1136879	Psyr	Psyr	W	0	0	0	1	1
08A	08C	0	0	RNI	2	0	0	86.2	13.8	0.000162305	2063.692704	0.116493893	735.4676595	Psyr	Psyr	W	0	0	1	0	1
08A	23A	0	2	08A	2	2	2	86.4	13.6	0.000457634	11.25927393	0.402317028	890.8710528	Psyr	Psyr	W	0	0	0	1	1
08A	24C	1	2	08A	1	2	1	87.4	12.6	0.000345877	1806.71562	0.014843366	503.4609883	Psyr	Psyr	W	0	0	0	1	1
08A	21A	1	1	RI	1	1	0	86.7	13.3	0.000202084	1483.462667	0.035690982	357.8905789	Psyr	Psyr	W	0	1	0	0	1
08A	20B	0	1	08A	2	1	1	86.7	13.3	0.000220587	780.425514	0.023017841	290.4595213	Psyr	Psyr	W	0	0	0	1	1
08A	08B	2	0	08B	0	0	-2	84.6	15.4	0.000603356	1474.545324	0.220201336	402.8215304	Psyr	Psyr	W	0	0	0	1	1
08A	36A	2	0	36A	0	0	-2	85	15	0.000130141	262.0878725	0.053058272	19.90240617	Psyr	Pflu	B	0	0	0	1	1
08A	06B	2	0	06B	0	0	-2	85	15	0.000271403	369.4165819	0.11814038	140.1057491	Psyr	Pflu	B	0	0	0	1	1
08A	07B	2	0	07B	0	0	-2	85	15	0.00012621	474.0305809	0.017829081	144.0019042	Psyr	Pflu	B	0	0	0	1	1
08A	43A	2	0	43A	0	0	-2	85	15	2.47E-06	68.39130407	0.050416785	12.29331483	Psyr	Pflu	B	0	0	0	1	1
08A	29A	2	0	29A	0	0	-2	84.9	15.1	0.000152279	53.53157393	0.134329812	189.5040701	Psyr	Pflu	B	0	0	0	1	1
08A	39A	2	0	39A	0	0	-2	85.7	14.3	0.00022695	86.46455057	0.07495909	175.0540921	Psyr	Pflu	B	0	0	0	1	1
08A	34A	2	0	34A	0	0	-2	85.1	14.9	8.52E-05	43.28968127	0.044366994	109.2608364	Psyr	Pflu	B	0	0	0	1	1
08A	27A	2	0	27A	0	0	-2	85.6	14.4	7.42E-05	206.7913954	0.083734513	117.9644161	Psyr	Pflu	B	0	0	0	1	1
08A	36B	2	0	36B	0	0	-2	85.6	14.4	6.36E-05	182.0022497	0.077884446	64.90356407	Psyr	Pflu	B	0	0	0	1	1
08A	33E	2	0	33E	0	0	-2	85.6	14.4	4.48E-05	129.7268136	0.117469952	120.2748871	Psyr	Pflu	B	0	0	0	1	1
08A	13A	2	0	13A	0	0	-2	85.6	14.4	7.57E-05	185.4811262	0.068570946	37.03261667	Psyr	Pflu	B	0	0	0	1	1
08A	03A	2	0	03A	0	0	-2	85.5	14.5	2.23E-05	67.85546877	0.096621638	126.1325401	Psyr	Pflu	B	0	0	0	1	1
08A	06A	2	0	06A	0	0	-2	85.5	14.5	2.27E-05	87.21554007	0.108034294	159.2716091	Psyr	Pflu	B	0	0	0	1	1
08A	46A	2	0	46A	0	0	-2	85.2	14.8	0.000430065	167.4524808	0.07319692	156.6437502	Psyr	Pflu	B	0	0	0	1	1
06C	4326	0	2	06C	2	2	2	100	0	0.000372847	1404.844006	0.296231331	664.4912931	Psyr	Psyr	W	0	0	0	1	1
06C	19A	0	0	RNI	2	0	0	99.5	0.5	0.000153459	2007.649898	0.073714093	65.04164955	Psyr	Psyr	W	0	0	1	0	1
06C	07A	0	0	RNI	2	0	0	89.7	10.3	4.27E-05	1561.306783	0.053002422	156.8350829	Psyr	Psyr	W	0	0	1	0	1
06C	22D	1	0	22D	1	0	-1	89.7	10.3	9.90E-05	1280.645347	0.085331452	266.5806534	Psyr	Psyr	W	0	0	0	1	1
06C	22B	0	0	RNI	2	0	0	89.7	10.3	3.31E-05	1350.465861	0.030613578	169.6812883	Psyr	Psyr	W	0	0	1	0	1
06C	26B	0	0	RNI	2	0	0	89.7	10.3	9.42E-05	1473.799332	0.029654543	21.32339983	Psyr	Psyr	W	0	0	1	0	1
06C	22C	0	0	RNI	2	0	0	86.4	13.6	NA	NA	NA	NA	Psyr	Psyr	W	0	0	1	0	1
06C	39F	0	2	06C	2	2	2	85.9	14.1	0.000383332	1874.782802	0.408960239	909.3429548	Psyr	Psyr	W	0	0	0	1	1
06C	08C	0	2	06C	2	2	2	86.2	13.8	0.00011955	238.4161228	0.129231903	742.6969263	Psyr	Psyr	W	0	0	0	1	1
06C	23A	0	1	06C	2	1	1	86.4	13.6	0.000414879	1814.017308	0.415055038	898.1003196	Psyr	Psyr	W	0	0	0	1	1
06C	24C	0	2	06C	2	2	2	87.4	12.6	0.000303122	18.5609619	0.002105356	510.6902552	Psyr	Psyr	W	0	0	0	1	1
06C	21A	1	2	06C	1	2	1	86.7	13.3	0.000159329	341.8139148	0.048428991	365.1198457	Psyr	Psyr	W	0	0	0	1	1
06C	20B	0	2	06C	2	2	2	86.7	13.3	0.000177832	1044.851067	0.035755851	297.6887881	Psyr	Psyr	W	0	0	0	1	1
06C	08B	2	0	08B	0	0	-2	84.6	15.4	0.000646111	350.7312578	0.207463326	395.5922636	Psyr	Psyr	W	0	0	0	1	1
06C	36A	2	0	36A	0	0	-2	85	15	0.000172896	1563.188709	0.040320263	12.67313933	Psyr	Pflu	B	0	0	0	1	1
06C	06B	2	0	06B	0	0	-2	85	15	0.000314158	1455.86	0.105402371	132.8764822	Psyr	Pflu	B	0	0	0	1	1
06C	07B	2	0	07B	0	0	-2	85	15	0.000168965	1351.246001	0.005091072	151.2311711	Psyr	Pflu	B	0	0	0	1	1
06C	43A	2	0	43A	0	0	-2	85	15	4.03E-05	1893.667886	0.037678776	19.52258167	Psyr	Pflu	B	0	0	0	1	1
06C	29A	2	0	29A	0	0	-2	84.9	15.1	0.000195034	1771.745008	0.121591803	182.2748032	Psyr	Pflu	B	0	0	0	1	1
06C	39A	2	0	39A	0	0	-2	85.7	14.3	0.000269705	1911.741132	0.062221081	167.8248252	Psyr	Pflu	B	0	0	0	1	1
06C	34A	2	0	34A	0	0	-2	85.1	14.9	0.000127952	1868.566263	0.057105003	116.4901033	Psyr	Pflu	B	0	0	0	1	1
06C	27A	2	0	27A	0	0	-2	85.6	14.4	3.15E-05	2032.067977	0.070996504	110.7351492	Psyr	Pflu	B	0	0	0	1	1
06C	36B	2	0	36B	0	0	-2	85.6	14.4	2.09E-05	2007.278831	0.065146437	57.67429723	Psyr	Pflu	B	0	0	0	1	1
06C	33E	2	0	33E	0	0	-2	85.6	14.4	2.03E-06	1955.003395	0.104731943	113.0456202	Psyr	Pflu	B	0	0	0	1	1
06C	13A	2	0	13A	0	0	-2	85.6	14.4	3.29E-05	2010.757708	0.055832937	29.80334983	Psyr	Pflu	B	0	0	0	1	1
06C	03A	2	0	03A	0	0	-2	85.5	14.5	6.51E-05	1893.13205	0.083883629	118.9032732	Psyr	Pflu	B	0	0	0	1	1
06C	06A	2	0	06A	0	0	-2	85.5	14.5	6.55E-05	1912.492122	0.095296285	152.0423422	Psyr	Pflu	B	0	0	0	1	1
06C	46A	2	0	46A	0	0	-2	85.2	14.8	0.00047282	1657.824101	0.085934929	163.8730171	Psyr	Pflu	B	0	0	0	1	1
4326	19A	2	0	19A	0	0	-2	99.5	0.5	0.000526306	602.8058912	0.222517238	599.4496436	Psyr	Psyr	W	0	0	0	1	1
4326	07A	2	0	07A	0	0	-2	89.7	10.3	0.000415506	156.4627771	0.243228909	507.6562102	Psyr	Psyr	W	0	0	0	1	1
4326	22D	2	0	22D	0	0	-2	89.7	10.3	0.000273888	124.1986591	0.210899879	397.9106398	Psyr	Psyr	W	0	0	0	1	1
4326	22B	2	0	22B	0	0	-2	89.7	10.3	0.000405907	54.37814585	0.265617753	494.8100048	Psyr	Psyr	W	0	0	0	1	1
4326	26B	2	0	26B	0	0	-2	89.7	10.3	0.000467021	68.95532535	0.325885875	685.8146929	Psyr	Psyr	W	0	0	0	1	1
4326	22C	1	0	22C	1	0	-1	86.4	13.6	NA	NA	NA	NA	Psyr	Psyr	W	0	0	0	1	1
4326	39F	2	2	RI	0	2	0	85.9	14.1	1.05E-05	469.9387955	0.112728907	244.8516617	Psyr	Psyr	W	0	1	0	0	1
4326	08C	2	2	RI	0	2	0	86.2	13.8	0.000253297	1643.260129	0.166999428	78.20563321	Psyr	Psyr	W	0	1	0	0	1
4326	23A	2	2	RI	0	2	0	86.4	13.6	4.20E-05	409.1733011	0.118823707	233.6090265	Psyr	Psyr	W	0	1	0	0	1
4326	24C	2	2	RI	0	2	0	87.4	12.6	6.97E-05	1386.283045	0.298336688	153.8010379	Psyr	Psyr	W	0	1	0	0	1
4326	21A	2	1	21A	0	1	-1	86.7	13.3	0.000213518	1063.030092	0.24780234	299.3714474	Psyr	Psyr	W	0	0	0	1	1
4326	20B	2	1	20B	0	1	-1	86.7	13.3	0.000195015	359.9929389	0.26047548	366.802505	Psyr	Psyr	W	0	0	0	1	1
4326	08B	2	0	08B	0	0	-2	84.6	15.4	0.001018958	1054.112749	0.503694657	1060.083557	Psyr	Psyr	W	0	0	0	1	1
4326	36A	2	1	36A	0	1	-1	85	15	0.000545743	158.3447025	0.336551594	677.1644324	Psyr	Pflu	B	0	0	0	1	1
4326	06B	2	0	06B	0	0	-2	85	15	0.000687005	51.01599309	0.401633702	797.3677753	Psyr	Pflu	B	0	0	0	1	1
4326	07B	2	0	07B	0	0	-2	85	15	0.000541812	53.59800591	0.301322403	513.260122	Psyr	Pflu	B	0	0	0	1	1
4326	43A	2	0	43A	0	0	-2	85	15	0.000413136	488.8238791	0.333910107	644.9687114	Psyr	Pflu	B	0	0	0	1	1
4326	29A	2	0	29A	0	0	-2	84.9	15.1	0.000567881	366.9010011	0.417823134	846.7660963	Psyr	Pflu	B	0	0	0	1	1
4326	39A	2	0	39A	0	0	-2	85.7	14.3	0.000642552	506.8971256	0.358452412	832.3161183	Psyr	Pflu	B	0	0	0	1	1
4326	34A	2	0	34A	0	0	-2	85.1	14.9	0.000500799	463.7222563	0.239126328	548.0011898	Psyr	Pflu	B	0	0	0	1	1
4326	27A	2	0	27A	0	0	-2	85.6	14.4	0.000341382	627.2239704	0.367227835	775.2264423	Psyr	Pflu	B	0	0	0	1	1
4326	36B	2	0	36B	0	0	-2	85.6	14.4	0.000351992	602.4348247	0.361377768	722.1655903	Psyr	Pflu	B	0	0	0	1	1
4326	33E	2	0	33E	0	0	-2	85.6	14.4	0.000370818	550.1593886	0.400963274	777.5369133	Psyr	Pflu	B	0	0	0	1	1
4326	13A	2	0	13A	0	0	-2	85.6	14.4	0.000339906	605.9137012	0.352064268	694.2946429	Psyr	Pflu	B	0	0	0	1	1
4326	03A	2	0	03A	0	0	-2	85.5	14.5	0.000437942	488.2880438	0.38011496	783.3945663	Psyr	Pflu	B	0	0	0	1	1
4326	06A	2	0	06A	0	0	-2	85.5	14.5	0.000438331	507.6481151	0.391527616	816.5336353	Psyr	Pflu	B	0	0	0	1	1
4326	46A	2	0	46A	0	0	-2	85.2	14.8	0.000845667	252.9800942	0.210296402	500.618276	Psyr	Pflu	B	0	0	0	1	1
19A	07A	0	0	RNI	2	0	0	89.7	10.3	0.0001108	446.3431141	0.02071167	91.79343337	Psyr	Psyr	W	0	0	1	0	1
19A	22D	0	0	RNI	2	0	0	89.8	10.2	0.000252418	727.0045502	0.011617359	201.5390038	Psyr	Psyr	W	0	0	1	0	1
19A	22B	0	0	RNI	2	0	0	89.8	10.2	0.000120399	657.184037	0.043100515	104.6396388	Psyr	Psyr	W	0	0	1	0	1
19A	26B	1	0	26B	1	0	-1	89.8	10.2	5.93E-05	533.8505658	0.103368636	86.36504938	Psyr	Psyr	W	0	0	0	1	1
19A	22C	0	1	19A	2	1	1	86.4	13.6	NA	NA	NA	NA	Psyr	Psyr	W	0	0	0	1	1
19A	39F	0	1	19A	2	1	1	85.9	14.1	0.000536792	132.8670957	0.335246146	844.3013052	Psyr	Psyr	W	0	0	0	1	1
19A	08C	0	1	19A	2	1	1	86.4	13.6	0.000273009	2246.06602	0.05551781	677.6552768	Psyr	Psyr	W	0	0	0	1	1
19A	23A	0	0	RNI	2	0	0	86.6	13.4	0.000568338	193.6325901	0.341340945	833.0586701	Psyr	Psyr	W	0	0	1	0	1
19A	24C	0	2	19A	2	2	2	87.5	12.5	0.000456581	1989.088936	0.075819449	445.6486056	Psyr	Psyr	W	0	0	0	1	1
19A	21A	0	2	19A	2	2	2	86.7	13.3	0.000312788	1665.835983	0.025285102	300.0781962	Psyr	Psyr	W	0	0	0	1	1
19A	20B	0	0	RNI	2	0	0	86.7	13.3	0.000331291	962.7988301	0.037958242	232.6471386	Psyr	Psyr	W	0	0	1	0	1
19A	08B	2	0	08B	0	0	-2	84.6	15.4	0.000492652	1656.91864	0.281177419	460.6339132	Psyr	Psyr	W	0	0	0	1	1
19A	36A	2	0	36A	0	0	-2	85.1	14.9	1.94E-05	444.4611887	0.114034355	77.71478888	Psyr	Pflu	B	0	0	0	1	1
19A	06B	0	0	RNI	2	0	0	85.1	14.9	0.000160699	551.7898981	0.179116463	197.9181318	Psyr	Pflu	B	0	0	1	0	1
19A	07B	1	0	07B	1	0	-1	85.1	14.9	1.55E-05	656.4038971	0.078805164	86.18952152	Psyr	Pflu	B	0	0	0	1	1
19A	43A	2	0	43A	0	0	-2	85.1	14.9	0.00011317	113.9820121	0.111392868	45.51906788	Psyr	Pflu	B	0	0	0	1	1
19A	29A	2	0	29A	0	0	-2	85	15	4.16E-05	235.9048901	0.195305895	247.3164528	Psyr	Pflu	B	0	0	0	1	1
19A	39A	2	0	39A	0	0	-2	85.8	14.2	0.000116246	95.90876559	0.135935173	232.8664748	Psyr	Pflu	B	0	0	0	1	1
19A	34A	2	0	34A	0	0	-2	85.2	14.8	2.55E-05	139.0836349	0.016609089	51.44845372	Psyr	Pflu	B	0	0	0	1	1
19A	27A	2	0	27A	0	0	-2	85.8	14.2	0.000184924	24.41807921	0.144710596	175.7767988	Psyr	Pflu	B	0	0	0	1	1
19A	36B	2	0	36B	0	0	-2	85.8	14.2	0.000174314	0.371066491	0.138860529	122.7159468	Psyr	Pflu	B	0	0	0	1	1
19A	33E	2	0	33E	0	0	-2	85.8	14.2	0.000155488	52.64650259	0.178446035	178.0872698	Psyr	Pflu	B	0	0	0	1	1
19A	13A	2	0	13A	0	0	-2	85.8	14.2	0.0001864	3.107810009	0.129547029	94.84499938	Psyr	Pflu	B	0	0	0	1	1
19A	03A	2	0	03A	0	0	-2	85.7	14.3	8.84E-05	114.5178474	0.157597721	183.9449228	Psyr	Pflu	B	0	0	0	1	1
19A	06A	2	0	06A	0	0	-2	85.7	14.3	8.80E-05	95.15777609	0.169010377	217.0839918	Psyr	Pflu	B	0	0	0	1	1
19A	46A	1	0	46A	1	0	-1	85.4	14.6	0.000319361	349.825797	0.012220837	98.83136752	Psyr	Pflu	B	0	0	0	1	1
07A	22D	1	0	22D	1	0	-1	99.4	0.6	0.000141618	280.6614361	0.03232903	109.7455704	Psyr	Psyr	W	0	0	0	1	1
07A	22B	0	2	07A	2	2	2	99.4	0.6	9.60E-06	210.8409229	0.022388845	12.84620541	Psyr	Psyr	W	0	0	0	1	1
07A	26B	1	0	26B	1	0	-1	95	5	5.15E-05	87.5074517	0.082656966	178.1584827	Psyr	Psyr	W	0	0	0	1	1
07A	22C	0	1	07A	2	1	1	84.8	15.2	NA	NA	NA	NA	Psyr	Psyr	W	0	0	0	1	1
07A	39F	0	2	07A	2	2	2	86.6	13.4	0.000425991	313.4760184	0.355957816	752.5078719	Psyr	Psyr	W	0	0	0	1	1
07A	08C	0	2	07A	2	2	2	85.7	14.3	0.000162209	1799.722906	0.07622948	585.8618434	Psyr	Psyr	W	0	0	0	1	1
07A	23A	0	2	07A	2	2	2	85.9	14.1	0.000457538	252.710524	0.362052616	741.2652367	Psyr	Psyr	W	0	0	0	1	1
07A	24C	0	2	07A	2	2	2	86.6	13.4	0.000345781	1542.745822	0.055107779	353.8551723	Psyr	Psyr	W	0	0	0	1	1
07A	21A	0	2	07A	2	2	2	86.1	13.9	0.000201988	1219.492869	0.004573431	208.2847628	Psyr	Psyr	W	0	0	0	1	1
07A	20B	0	0	RNI	2	0	0	86.1	13.9	0.000220491	516.455716	0.017246572	140.8537052	Psyr	Psyr	W	0	0	1	0	1
07A	08B	1	0	08B	1	0	-1	84	16	0.000603452	1210.575526	0.260465748	552.4273465	Psyr	Psyr	W	0	0	0	1	1
07A	36A	2	0	36A	0	0	-2	84.4	15.6	0.000130237	1.881925439	0.093322685	169.5082222	Psyr	Pflu	B	0	0	0	1	1
07A	06B	2	0	06B	0	0	-2	84.4	15.6	0.000271499	105.446784	0.158404793	289.7115651	Psyr	Pflu	B	0	0	0	1	1
07A	07B	2	0	07B	0	0	-2	84.4	15.6	0.000126306	210.060783	0.058093494	5.603911846	Psyr	Pflu	B	0	0	0	1	1
07A	43A	2	0	43A	0	0	-2	84.2	15.8	2.37E-06	332.361102	0.090681198	137.3125012	Psyr	Pflu	B	0	0	0	1	1
07A	29A	2	0	29A	0	0	-2	84.1	15.9	0.000152375	210.438224	0.174594225	339.1098861	Psyr	Pflu	B	0	0	0	1	1
07A	39A	2	0	39A	0	0	-2	84.1	15.9	0.000227046	350.4343485	0.115223503	324.6599081	Psyr	Pflu	B	0	0	0	1	1
07A	34A	2	0	34A	0	0	-2	84.9	15.1	8.53E-05	307.2594792	0.004102581	40.34497965	Psyr	Pflu	B	0	0	0	1	1
07A	27A	2	0	27A	0	0	-2	84.3	15.7	7.41E-05	470.7611933	0.123998926	267.5702321	Psyr	Pflu	B	0	0	0	1	1
07A	36B	2	0	36B	0	0	-2	84.3	15.7	6.35E-05	445.9720476	0.118148859	214.5093801	Psyr	Pflu	B	0	0	0	1	1
07A	33E	2	0	33E	0	0	-2	84.3	15.7	4.47E-05	393.6966115	0.157734365	269.8807031	Psyr	Pflu	B	0	0	0	1	1
07A	13A	2	0	13A	0	0	-2	84.3	15.7	7.56E-05	449.4509241	0.108835359	186.6384327	Psyr	Pflu	B	0	0	0	1	1
07A	03A	2	0	03A	0	0	-2	84.2	15.8	2.24E-05	331.8252667	0.136886051	275.7383561	Psyr	Pflu	B	0	0	0	1	1
07A	06A	2	0	06A	0	0	-2	84.2	15.8	2.28E-05	351.185338	0.148298707	308.8774251	Psyr	Pflu	B	0	0	0	1	1
07A	46A	2	0	46A	0	0	-2	83.8	16.2	0.000430161	96.51731714	0.032932507	7.037934154	Psyr	Pflu	B	0	0	0	1	1
22D	22B	0	2	22D	2	2	2	99.3	0.7	0.000132019	69.82051321	0.054717874	96.89936504	Psyr	Psyr	W	0	0	0	1	1
22D	26B	0	0	RNI	2	0	0	94.7	5.3	0.000193133	193.1539844	0.114985996	287.9040532	Psyr	Psyr	W	0	0	1	0	1
22D	22C	0	0	RNI	2	0	0	85	15	NA	NA	NA	NA	Psyr	Psyr	W	0	0	1	0	1
22D	39F	0	2	22D	2	2	2	86.5	13.5	0.000284373	594.1374545	0.323628786	642.7623014	Psyr	Psyr	W	0	0	0	1	1
22D	08C	0	2	22D	2	2	2	85.6	14.4	2.06E-05	1519.06147	0.043900451	476.116273	Psyr	Psyr	W	0	0	0	1	1
22D	23A	0	2	22D	2	2	2	85.7	14.3	0.00031592	533.3719601	0.329723586	631.5196663	Psyr	Psyr	W	0	0	0	1	1
22D	24C	0	2	22D	2	2	2	86.5	13.5	0.000204163	1262.084385	0.087436809	244.1096018	Psyr	Psyr	W	0	0	0	1	1
22D	21A	0	2	22D	2	2	2	86.1	13.9	6.04E-05	938.8314326	0.036902461	98.53919236	Psyr	Psyr	W	0	0	0	1	1
22D	20B	0	2	22D	2	2	2	86.1	13.9	7.89E-05	235.7942799	0.049575601	31.10813477	Psyr	Psyr	W	0	0	0	1	1
22D	08B	2	0	08B	0	0	-2	84	16	0.00074507	929.9140896	0.292794778	662.172917	Psyr	Psyr	W	0	0	0	1	1
22D	36A	2	0	36A	0	0	-2	84.4	15.6	0.000271855	282.5433615	0.125651715	279.2537927	Psyr	Pflu	B	0	0	0	1	1
22D	06B	2	0	06B	0	0	-2	84.4	15.6	0.000413117	175.2146521	0.190733823	399.4571356	Psyr	Pflu	B	0	0	0	1	1
22D	07B	2	0	07B	0	0	-2	84.4	15.6	0.000267924	70.60065315	0.090422524	115.3494823	Psyr	Pflu	B	0	0	0	1	1
22D	43A	2	0	43A	0	0	-2	84.3	15.7	0.000139248	613.0225381	0.123010228	247.0580717	Psyr	Pflu	B	0	0	0	1	1
22D	29A	2	0	29A	0	0	-2	84.1	15.9	0.000293993	491.0996601	0.206923255	448.8554566	Psyr	Pflu	B	0	0	0	1	1
22D	39A	2	0	39A	0	0	-2	84.1	15.9	0.000368664	631.0957846	0.147552533	434.4054786	Psyr	Pflu	B	0	0	0	1	1
22D	34A	2	0	34A	0	0	-2	84.8	15.2	0.000226911	587.9209153	0.028226449	150.0905501	Psyr	Pflu	B	0	0	0	1	1
22D	27A	2	0	27A	0	0	-2	84.4	15.6	6.75E-05	751.4226294	0.156327956	377.3158026	Psyr	Pflu	B	0	0	0	1	1
22D	36B	2	0	36B	0	0	-2	84.4	15.6	7.81E-05	726.6334837	0.150477889	324.2549506	Psyr	Pflu	B	0	0	0	1	1
22D	33E	2	0	33E	0	0	-2	84.4	15.6	9.69E-05	674.3580476	0.190063395	379.6262736	Psyr	Pflu	B	0	0	0	1	1
22D	13A	2	0	13A	0	0	-2	84.4	15.6	6.60E-05	730.1123602	0.141164389	296.3840032	Psyr	Pflu	B	0	0	0	1	1
22D	03A	2	0	03A	0	0	-2	84.3	15.7	0.000164054	612.4867028	0.169215081	385.4839266	Psyr	Pflu	B	0	0	0	1	1
22D	06A	2	0	06A	0	0	-2	84.3	15.7	0.000164443	631.8467741	0.180627737	418.6229956	Psyr	Pflu	B	0	0	0	1	1
22D	46A	2	0	46A	0	0	-2	83.9	16.1	0.000571779	377.1787532	0.000603477	102.7076363	Psyr	Pflu	B	0	0	0	1	1
22B	26B	1	0	26B	1	0	-1	94.7	5.3	6.11E-05	123.3334712	0.060268121	191.0046882	Psyr	Psyr	W	0	0	0	1	1
22B	22C	0	1	22B	2	1	1	85	15	NA	NA	NA	NA	Psyr	Psyr	W	0	0	0	1	1
22B	39F	0	2	22B	2	2	2	86.5	13.5	0.000416393	524.3169413	0.378346661	739.6616664	Psyr	Psyr	W	0	0	0	1	1
22B	08C	2	1	08C	0	1	-1	85.6	14.4	0.00015261	1588.881983	0.098618325	573.015638	Psyr	Psyr	W	0	0	0	1	1
22B	23A	0	2	22B	2	2	2	85.7	14.3	0.000447939	463.5514469	0.38444146	728.4190313	Psyr	Psyr	W	0	0	0	1	1
22B	24C	0	2	22B	2	2	2	86.5	13.5	0.000336182	1331.904899	0.032718934	341.0089669	Psyr	Psyr	W	0	0	0	1	1
22B	21A	0	1	22B	2	1	1	86.1	13.9	0.000192389	1008.651946	0.017815414	195.4385574	Psyr	Psyr	W	0	0	0	1	1
22B	20B	0	0	RNI	2	0	0	86.1	13.9	0.000210892	305.6147931	0.005142273	128.0074998	Psyr	Psyr	W	0	0	1	0	1
22B	08B	2	0	08B	0	0	-2	84	16	0.000613051	999.7346028	0.238076904	565.2735519	Psyr	Psyr	W	0	0	0	1	1
22B	36A	2	0	36A	0	0	-2	84.4	15.6	0.000139836	212.7228483	0.07093384	182.3544277	Psyr	Pflu	B	0	0	0	1	1
22B	06B	2	0	06B	0	0	-2	84.4	15.6	0.000281098	105.3941389	0.136015948	302.5577706	Psyr	Pflu	B	0	0	0	1	1
22B	07B	2	0	07B	0	0	-2	84.4	15.6	0.000135905	0.780139939	0.035704649	18.45011725	Psyr	Pflu	B	0	0	0	1	1
22B	43A	2	0	43A	0	0	-2	84.3	15.7	7.23E-06	543.2020249	0.068292353	150.1587067	Psyr	Pflu	B	0	0	0	1	1
22B	29A	2	0	29A	0	0	-2	84.1	15.9	0.000161974	421.2791469	0.15220538	351.9560916	Psyr	Pflu	B	0	0	0	1	1
22B	39A	2	0	39A	0	0	-2	84.1	15.9	0.000236645	561.2752714	0.092834658	337.5061136	Psyr	Pflu	B	0	0	0	1	1
22B	34A	2	0	34A	0	0	-2	84.8	15.2	9.49E-05	518.1004021	0.026491426	53.19118505	Psyr	Pflu	B	0	0	0	1	1
22B	27A	2	0	27A	0	0	-2	84.4	15.6	6.45E-05	681.6021162	0.101610081	280.4164376	Psyr	Pflu	B	0	0	0	1	1
22B	36B	2	0	36B	0	0	-2	84.4	15.6	5.39E-05	656.8129705	0.095760014	227.3555856	Psyr	Pflu	B	0	0	0	1	1
22B	33E	2	0	33E	0	0	-2	84.4	15.6	3.51E-05	604.5375344	0.13534552	282.7269086	Psyr	Pflu	B	0	0	0	1	1
22B	13A	2	0	13A	0	0	-2	84.4	15.6	6.60E-05	660.291847	0.086446514	199.4846382	Psyr	Pflu	B	0	0	0	1	1
22B	03A	2	0	03A	0	0	-2	84.3	15.7	3.20E-05	542.6661896	0.114497206	288.5845616	Psyr	Pflu	B	0	0	0	1	1
22B	06A	2	0	06A	0	0	-2	84.3	15.7	3.24E-05	562.0262609	0.125909862	321.7236306	Psyr	Pflu	B	0	0	0	1	1
22B	46A	2	0	46A	0	0	-2	83.9	16.1	0.00043976	307.35824	0.055321352	5.808271253	Psyr	Pflu	B	0	0	0	1	1
26B	22C	0	2	26B	2	2	2	84.7	15.3	NA	NA	NA	NA	Psyr	Psyr	W	0	0	0	1	1
26B	39F	0	2	26B	2	2	2	86.8	13.2	0.000477506	400.9834701	0.438614782	930.6663546	Psyr	Psyr	W	0	0	0	1	1
26B	08C	0	2	26B	2	2	2	85.9	14.1	0.000213724	1712.215455	0.158886446	764.0203262	Psyr	Psyr	W	0	0	0	1	1
26B	23A	0	2	26B	2	2	2	86	14	0.000509053	340.2179757	0.444709582	919.4237194	Psyr	Psyr	W	0	0	0	1	1
26B	24C	0	2	26B	2	2	2	86.1	13.9	0.000397296	1455.23837	0.027549187	532.013655	Psyr	Psyr	W	0	0	0	1	1
26B	21A	0	2	26B	2	2	2	85.7	14.3	0.000253503	1131.985417	0.078083535	386.4432455	Psyr	Psyr	W	0	0	0	1	1
26B	20B	0	2	26B	2	2	2	85.7	14.3	0.000272006	428.9482643	0.065410394	319.012188	Psyr	Psyr	W	0	0	0	1	1
26B	08B	2	0	08B	0	0	-2	84.5	15.5	0.000551937	1123.068074	0.177808782	374.2688638	Psyr	Psyr	W	0	0	0	1	1
26B	36A	2	1	36A	0	1	-1	85	15	7.87E-05	89.38937714	0.010665719	8.650260503	Psyr	Pflu	B	0	0	0	1	1
26B	06B	2	0	06B	0	0	-2	85	15	0.000219984	17.93933226	0.075747827	111.5530824	Psyr	Pflu	B	0	0	0	1	1
26B	07B	2	0	07B	0	0	-2	85	15	7.48E-05	122.5533313	0.024563472	172.5545709	Psyr	Pflu	B	0	0	0	1	1
26B	43A	2	0	43A	0	0	-2	84.7	15.3	5.39E-05	419.8685537	0.008024232	40.8459815	Psyr	Pflu	B	0	0	0	1	1
26B	29A	2	0	29A	0	0	-2	84.5	15.5	0.00010086	297.9456757	0.091937259	160.9514034	Psyr	Pflu	B	0	0	0	1	1
26B	39A	2	0	39A	0	0	-2	84.6	15.4	0.000175531	437.9418002	0.032566537	146.5014254	Psyr	Pflu	B	0	0	0	1	1
26B	34A	2	0	34A	0	0	-2	85	15	3.38E-05	394.7669309	0.086759547	137.8135031	Psyr	Pflu	B	0	0	0	1	1
26B	27A	2	0	27A	0	0	-2	84.7	15.3	0.000125639	558.268645	0.04134196	89.4117494	Psyr	Pflu	B	0	0	0	1	1
26B	36B	2	0	36B	0	0	-2	84.7	15.3	0.000115029	533.4794993	0.035491893	36.3508974	Psyr	Pflu	B	0	0	0	1	1
26B	33E	2	0	33E	0	0	-2	84.7	15.3	9.62E-05	481.2040632	0.075077399	91.7222204	Psyr	Pflu	B	0	0	0	1	1
26B	13A	2	0	13A	0	0	-2	84.7	15.3	0.000127115	536.9583758	0.026178393	8.479949997	Psyr	Pflu	B	0	0	0	1	1
26B	03A	2	0	03A	0	0	-2	84.6	15.4	2.91E-05	419.3327184	0.054229085	97.5798734	Psyr	Pflu	B	0	0	0	1	1
26B	06A	2	0	06A	0	0	-2	84.6	15.4	2.87E-05	438.6927897	0.065641741	130.7189424	Psyr	Pflu	B	0	0	0	1	1
26B	46A	2	0	46A	0	0	-2	84.2	15.8	0.000378646	184.0247688	0.115589473	185.1964169	Psyr	Pflu	B	0	0	0	1	1
22C	39F	1	2	22C	1	2	1	87.4	12.6	NA	NA	NA	NA	Psyr	Psyr	W	0	0	0	1	1
22C	08C	0	2	22C	2	2	2	88.3	11.7	NA	NA	NA	NA	Psyr	Psyr	W	0	0	0	1	1
22C	23A	0	2	22C	2	2	2	88.2	11.8	NA	NA	NA	NA	Psyr	Psyr	W	0	0	0	1	1
22C	24C	0	1	22C	2	1	1	88.7	11.3	NA	NA	NA	NA	Psyr	Psyr	W	0	0	0	1	1
22C	21A	0	0	RNI	2	0	0	89.1	10.9	NA	NA	NA	NA	Psyr	Psyr	W	0	0	1	0	1
22C	20B	0	0	RNI	2	0	0	89.1	10.9	NA	NA	NA	NA	Psyr	Psyr	W	0	0	1	0	1
22C	08B	2	0	08B	0	0	-2	83.9	16.1	NA	NA	NA	NA	Psyr	Psyr	W	0	0	0	1	1
22C	36A	2	0	36A	0	0	-2	84.5	15.5	NA	NA	NA	NA	Psyr	Pflu	B	0	0	0	1	1
22C	06B	2	0	06B	0	0	-2	84.5	15.5	NA	NA	NA	NA	Psyr	Pflu	B	0	0	0	1	1
22C	07B	2	0	07B	0	0	-2	84.5	15.5	NA	NA	NA	NA	Psyr	Pflu	B	0	0	0	1	1
22C	43A	2	0	43A	0	0	-2	84.3	15.7	NA	NA	NA	NA	Psyr	Pflu	B	0	0	0	1	1
22C	29A	2	0	29A	0	0	-2	84.1	15.9	NA	NA	NA	NA	Psyr	Pflu	B	0	0	0	1	1
22C	39A	2	0	39A	0	0	-2	84.7	15.3	NA	NA	NA	NA	Psyr	Pflu	B	0	0	0	1	1
22C	34A	2	0	34A	0	0	-2	84.8	15.2	NA	NA	NA	NA	Psyr	Pflu	B	0	0	0	1	1
22C	27A	2	0	27A	0	0	-2	84.8	15.2	NA	NA	NA	NA	Psyr	Pflu	B	0	0	0	1	1
22C	36B	2	0	36B	0	0	-2	84.8	15.2	NA	NA	NA	NA	Psyr	Pflu	B	0	0	0	1	1
22C	33E	2	0	33E	0	0	-2	84.8	15.2	NA	NA	NA	NA	Psyr	Pflu	B	0	0	0	1	1
22C	13A	2	0	13A	0	0	-2	84.8	15.2	NA	NA	NA	NA	Psyr	Pflu	B	0	0	0	1	1
22C	03A	2	0	03A	0	0	-2	84.8	15.2	NA	NA	NA	NA	Psyr	Pflu	B	0	0	0	1	1
22C	06A	2	0	06A	0	0	-2	84.8	15.2	NA	NA	NA	NA	Psyr	Pflu	B	0	0	0	1	1
22C	46A	2	0	46A	0	0	-2	84.7	15.3	NA	NA	NA	NA	Psyr	Pflu	B	0	0	0	1	1
39F	08C	2	1	08C	0	1	-1	87.9	12.1	0.000263782	2113.198925	0.279728336	166.6460284	Psyr	Psyr	W	0	0	0	1	1
39F	23A	2	2	RI	0	2	0	88	12	3.15E-05	60.76549436	0.006094799	11.24263515	Psyr	Psyr	W	0	1	0	0	1
39F	24C	1	2	39F	1	2	1	87.8	12.2	8.02E-05	1856.22184	0.411065595	398.6526996	Psyr	Psyr	W	0	0	0	1	1
39F	21A	2	1	21A	0	1	-1	87.5	12.5	0.000224003	1532.968887	0.360531247	544.2231091	Psyr	Psyr	W	0	0	0	1	1
39F	20B	2	0	20B	0	0	-2	87.5	12.5	0.0002055	829.9317344	0.373204388	611.6541666	Psyr	Psyr	W	0	0	0	1	1
39F	08B	2	0	08B	0	0	-2	83.8	16.2	0.001029443	1524.051544	0.616423564	1304.935218	Psyr	Psyr	W	0	0	0	1	1
39F	36A	2	1	36A	0	1	-1	84.9	15.1	0.000556228	311.594093	0.449280501	922.0160941	Psyr	Pflu	B	0	0	0	1	1
39F	06B	2	0	06B	0	0	-2	84.9	15.1	0.00069749	418.9228024	0.514362609	1042.219437	Psyr	Pflu	B	0	0	0	1	1
39F	07B	2	0	07B	0	0	-2	84.9	15.1	0.000552297	523.5368014	0.41405131	758.1117837	Psyr	Pflu	B	0	0	0	1	1
39F	43A	2	0	43A	0	0	-2	84.8	15.2	0.000423621	18.88508364	0.446639014	889.8203731	Psyr	Pflu	B	0	0	0	1	1
39F	29A	2	0	29A	0	0	-2	84.7	15.3	0.000578366	103.0377944	0.530552041	1091.617758	Psyr	Pflu	B	0	0	0	1	1
39F	39A	2	0	39A	0	0	-2	85	15	0.000653037	36.95833014	0.471181319	1077.16778	Psyr	Pflu	B	0	0	0	1	1
39F	34A	2	0	34A	0	0	-2	84.6	15.4	0.000511284	6.216539164	0.351855235	792.8528515	Psyr	Pflu	B	0	0	0	1	1
39F	27A	2	0	27A	0	0	-2	84.8	15.2	0.000351867	157.2851749	0.479956742	1020.078104	Psyr	Pflu	B	0	0	0	1	1
39F	36B	2	0	36B	0	0	-2	84.8	15.2	0.000362477	132.4960292	0.474106675	967.017252	Psyr	Pflu	B	0	0	0	1	1
39F	33E	2	0	33E	0	0	-2	84.8	15.2	0.000381303	80.22059314	0.513692181	1022.388575	Psyr	Pflu	B	0	0	0	1	1
39F	13A	2	0	13A	0	0	-2	84.8	15.2	0.000350391	135.9749057	0.464793175	939.1463046	Psyr	Pflu	B	0	0	0	1	1
39F	03A	2	0	03A	0	0	-2	84.7	15.3	0.000448427	18.34924834	0.492843867	1028.246228	Psyr	Pflu	B	0	0	0	1	1
39F	06A	2	0	06A	0	0	-2	84.7	15.3	0.000448816	37.70931964	0.504256523	1061.385297	Psyr	Pflu	B	0	0	0	1	1
39F	46A	2	0	46A	0	0	-2	84.4	15.6	0.000856152	216.9587013	0.323025309	745.4699377	Psyr	Pflu	B	0	0	0	1	1
08C	23A	1	1	RI	1	1	0	99.7	0.3	0.000295329	2052.43343	0.285823135	155.4033933	Psyr	Psyr	W	0	1	0	0	1
08C	24C	0	1	08C	2	1	1	90.5	9.5	0.000183572	256.9770847	0.131337259	232.0066711	Psyr	Psyr	W	0	0	0	1	1
08C	21A	0	1	08C	2	1	1	92.1	7.9	3.98E-05	580.2300376	0.080802912	377.5770806	Psyr	Psyr	W	0	0	0	1	1
08C	20B	1	1	RI	1	1	0	92.1	7.9	5.83E-05	1283.26719	0.093476052	445.0081382	Psyr	Psyr	W	0	1	0	0	1
08C	08B	2	0	08B	0	0	-2	83.8	16.2	0.000765661	589.1473806	0.336695229	1138.28919	Psyr	Psyr	W	0	0	0	1	1
08C	36A	2	0	36A	0	0	-2	84.5	15.5	0.000292446	1801.604832	0.169552165	755.3700657	Psyr	Pflu	B	0	0	0	1	1
08C	06B	2	0	06B	0	0	-2	84.5	15.5	0.000433708	1694.276122	0.234634273	875.5734086	Psyr	Pflu	B	0	0	0	1	1
08C	07B	2	0	07B	0	0	-2	84.5	15.5	0.000288515	1589.662123	0.134322974	591.4657553	Psyr	Pflu	B	0	0	0	1	1
08C	43A	2	0	43A	0	0	-2	84.2	15.8	0.000159839	2132.084008	0.166910678	723.1743447	Psyr	Pflu	B	0	0	0	1	1
08C	29A	2	0	29A	0	0	-2	84.2	15.8	0.000314584	2010.16113	0.250823705	924.9717296	Psyr	Pflu	B	0	0	0	1	1
08C	39A	2	0	39A	0	0	-2	85.2	14.8	0.000389255	2150.157255	0.191452983	910.5217516	Psyr	Pflu	B	0	0	0	1	1
08C	34A	2	0	34A	0	0	-2	85	15	0.000247502	2106.982386	0.072126899	626.2068231	Psyr	Pflu	B	0	0	0	1	1
08C	27A	2	0	27A	0	0	-2	85	15	8.81E-05	2270.4841	0.200228406	853.4320756	Psyr	Pflu	B	0	0	0	1	1
08C	36B	2	0	36B	0	0	-2	85	15	9.87E-05	2245.694954	0.194378339	800.3712236	Psyr	Pflu	B	0	0	0	1	1
08C	33E	2	0	33E	0	0	-2	85	15	0.000117521	2193.419518	0.233963845	855.7425466	Psyr	Pflu	B	0	0	0	1	1
08C	13A	2	0	13A	0	0	-2	85	15	8.66E-05	2249.17383	0.185064839	772.5002762	Psyr	Pflu	B	0	0	0	1	1
08C	03A	2	0	03A	0	0	-2	85	15	0.000184645	2131.548173	0.213115531	861.6001996	Psyr	Pflu	B	0	0	0	1	1
08C	06A	2	0	06A	0	0	-2	85	15	0.000185034	2150.908244	0.224528187	894.7392686	Psyr	Pflu	B	0	0	0	1	1
08C	46A	2	0	46A	0	0	-2	84.3	15.7	0.00059237	1896.240223	0.043296973	578.8239093	Psyr	Pflu	B	0	0	0	1	1
23A	24C	1	2	23A	1	2	1	90.6	9.4	0.000111757	1795.456346	0.417160395	387.4100644	Psyr	Psyr	W	0	0	0	1	1
23A	21A	2	1	21A	0	1	-1	92.1	7.9	0.00025555	1472.203393	0.366626047	532.9804739	Psyr	Psyr	W	0	0	0	1	1
23A	20B	2	0	20B	0	0	-2	92.1	7.9	0.000237047	769.16624	0.379299187	600.4115315	Psyr	Psyr	W	0	0	0	1	1
23A	08B	2	0	08B	0	0	-2	83.8	16.2	0.00106099	1463.28605	0.622518364	1293.692583	Psyr	Psyr	W	0	0	0	1	1
23A	36A	2	0	36A	0	0	-2	84.6	15.4	0.000587775	250.8285986	0.455375301	910.7734589	Psyr	Pflu	B	0	0	0	1	1
23A	06B	2	0	06B	0	0	-2	84.6	15.4	0.000729037	358.157308	0.520457409	1030.976802	Psyr	Pflu	B	0	0	0	1	1
23A	07B	2	0	07B	0	0	-2	84.6	15.4	0.000583844	462.771307	0.42014611	746.8691485	Psyr	Pflu	B	0	0	0	1	1
23A	43A	2	0	43A	0	0	-2	84.3	15.7	0.000455168	79.650578	0.452733814	878.5777379	Psyr	Pflu	B	0	0	0	1	1
23A	29A	2	0	29A	0	0	-2	84.2	15.8	0.000609913	42.2723	0.536646841	1080.375123	Psyr	Pflu	B	0	0	0	1	1
23A	39A	2	0	39A	0	0	-2	85.2	14.8	0.000684584	97.7238245	0.477276119	1065.925145	Psyr	Pflu	B	0	0	0	1	1
23A	34A	2	0	34A	0	0	-2	85	15	0.000542831	54.5489552	0.357950035	781.6102163	Psyr	Pflu	B	0	0	0	1	1
23A	27A	2	0	27A	0	0	-2	85.1	14.9	0.000383414	218.0506693	0.486051542	1008.835469	Psyr	Pflu	B	0	0	0	1	1
23A	36B	2	0	36B	0	0	-2	85.1	14.9	0.000394024	193.2615236	0.480201475	955.7746168	Psyr	Pflu	B	0	0	0	1	1
23A	33E	2	0	33E	0	0	-2	85.1	14.9	0.00041285	140.9860875	0.519786981	1011.14594	Psyr	Pflu	B	0	0	0	1	1
23A	13A	2	0	13A	0	0	-2	85.1	14.9	0.000381938	196.7404001	0.470887975	927.9036694	Psyr	Pflu	B	0	0	0	1	1
23A	03A	2	0	03A	0	0	-2	85	15	0.000479974	79.1147427	0.498938667	1017.003593	Psyr	Pflu	B	0	0	0	1	1
23A	06A	2	0	06A	0	0	-2	85	15	0.000480363	98.474814	0.510351323	1050.142662	Psyr	Pflu	B	0	0	0	1	1
23A	46A	2	0	46A	0	0	-2	84.3	15.7	0.000887699	156.1932069	0.329120109	734.2273025	Psyr	Pflu	B	0	0	0	1	1
24C	21A	1	0	21A	1	0	-1	92.8	7.2	0.000143793	323.2529529	0.050534348	145.5704095	Psyr	Psyr	W	0	0	0	1	1
24C	20B	0	0	RNI	2	0	0	92.8	7.2	0.00012529	1026.290106	0.037861207	213.0014671	Psyr	Psyr	W	0	0	1	0	1
24C	08B	2	0	08B	0	0	-2	83.9	16.1	0.000949233	332.1702959	0.205357969	906.2825188	Psyr	Psyr	W	0	0	0	1	1
24C	36A	2	0	36A	0	0	-2	84.4	15.6	0.000476018	1544.627747	0.038214906	523.3633945	Psyr	Pflu	B	0	0	0	1	1
24C	06B	2	2	RI	0	2	0	84.4	15.6	0.00061728	1437.299038	0.103297014	643.5667374	Psyr	Pflu	B	0	1	0	0	1
24C	07B	2	0	07B	0	0	-2	84.4	15.6	0.000472087	1332.685039	0.002985715	359.4590841	Psyr	Pflu	B	0	0	0	1	1
24C	43A	2	0	43A	0	0	-2	83.9	16.1	0.000343411	1875.106924	0.035573419	491.1676735	Psyr	Pflu	B	0	0	0	1	1
24C	29A	2	0	29A	0	0	-2	83.8	16.2	0.000498156	1753.184046	0.119486446	692.9650584	Psyr	Pflu	B	0	0	0	1	1
24C	39A	2	0	39A	0	0	-2	84.5	15.5	0.000572827	1893.18017	0.060115724	678.5150804	Psyr	Pflu	B	0	0	0	1	1
24C	34A	2	0	34A	0	0	-2	84.1	15.9	0.000431074	1850.005301	0.05921036	394.2001519	Psyr	Pflu	B	0	0	0	1	1
24C	27A	2	0	27A	0	0	-2	84.2	15.8	0.000271657	2013.507015	0.068891147	621.4254044	Psyr	Pflu	B	0	0	0	1	1
24C	36B	2	0	36B	0	0	-2	84.2	15.8	0.000282267	1988.717869	0.06304108	568.3645524	Psyr	Pflu	B	0	0	0	1	1
24C	33E	2	0	33E	0	0	-2	84.2	15.8	0.000301093	1936.442433	0.102626586	623.7358754	Psyr	Pflu	B	0	0	0	1	1
24C	13A	2	0	13A	0	0	-2	84.2	15.8	0.000270181	1992.196746	0.05372758	540.493605	Psyr	Pflu	B	0	0	0	1	1
24C	03A	2	0	03A	0	0	-2	84.1	15.9	0.000368217	1874.571088	0.081778272	629.5935284	Psyr	Pflu	B	0	0	0	1	1
24C	06A	2	0	06A	0	0	-2	84.1	15.9	0.000368606	1893.93116	0.093190928	662.7325974	Psyr	Pflu	B	0	0	0	1	1
24C	46A	2	0	46A	0	0	-2	83.5	16.5	0.000775942	1639.263139	0.088040286	346.8172381	Psyr	Pflu	B	0	0	0	1	1
21A	20B	0	0	RNI	2	0	0	100	0	1.85E-05	703.0371527	0.01267314	67.43105759	Psyr	Psyr	W	0	0	1	0	1
21A	08B	2	0	08B	0	0	-2	84.2	15.8	0.00080544	8.917342975	0.255892317	760.7121093	Psyr	Psyr	W	0	0	0	1	1
21A	36A	2	0	36A	0	0	-2	84.1	15.9	0.000332225	1221.374794	0.088749254	377.792985	Psyr	Pflu	B	0	0	0	1	1
21A	06B	2	0	06B	0	0	-2	84.1	15.9	0.000473487	1114.046085	0.153831362	497.9963279	Psyr	Pflu	B	0	0	0	1	1
21A	07B	2	0	07B	0	0	-2	84.1	15.9	0.000328294	1009.432086	0.053520063	213.8886746	Psyr	Pflu	B	0	0	0	1	1
21A	43A	2	0	43A	0	0	-2	84.3	15.7	0.000199618	1551.853971	0.086107767	345.597264	Psyr	Pflu	B	0	0	0	1	1
21A	29A	2	0	29A	0	0	-2	84.1	15.9	0.000354363	1429.931093	0.170020794	547.3946489	Psyr	Pflu	B	0	0	0	1	1
21A	39A	2	0	39A	0	0	-2	84.6	15.4	0.000429034	1569.927217	0.110650072	532.9446709	Psyr	Pflu	B	0	0	0	1	1
21A	34A	2	0	34A	0	0	-2	84.6	15.4	0.000287281	1526.752348	0.008676012	248.6297424	Psyr	Pflu	B	0	0	0	1	1
21A	27A	2	0	27A	0	0	-2	84.5	15.5	0.000127864	1690.254062	0.119425495	475.8549949	Psyr	Pflu	B	0	0	0	1	1
21A	36B	2	0	36B	0	0	-2	84.5	15.5	0.000138474	1665.464916	0.113575428	422.7941429	Psyr	Pflu	B	0	0	0	1	1
21A	33E	2	0	33E	0	0	-2	84.5	15.5	0.0001573	1613.18948	0.153160934	478.1654659	Psyr	Pflu	B	0	0	0	1	1
21A	13A	2	0	13A	0	0	-2	84.5	15.5	0.000126388	1668.943793	0.104261928	394.9231955	Psyr	Pflu	B	0	0	0	1	1
21A	03A	2	0	03A	0	0	-2	84.2	15.8	0.000224424	1551.318135	0.13231262	484.0231189	Psyr	Pflu	B	0	0	0	1	1
21A	06A	2	0	06A	0	0	-2	84.2	15.8	0.000224813	1570.678207	0.143725276	517.1621879	Psyr	Pflu	B	0	0	0	1	1
21A	46A	2	0	46A	0	0	-2	83.9	16.1	0.000632149	1316.010186	0.037505938	201.2468286	Psyr	Pflu	B	0	0	0	1	1
20B	08B	2	0	08B	0	0	-2	84.2	15.8	0.000823943	694.1198097	0.243219177	693.2810517	Psyr	Psyr	W	0	0	0	1	1
20B	36A	2	0	36A	0	0	-2	84.1	15.9	0.000350728	518.3376414	0.076076113	310.3619275	Psyr	Pflu	B	0	0	0	1	1
20B	06B	2	0	06B	0	0	-2	84.1	15.9	0.00049199	411.008932	0.141158221	430.5652704	Psyr	Pflu	B	0	0	0	1	1
20B	07B	2	0	07B	0	0	-2	84.1	15.9	0.000346797	306.394933	0.040846922	146.4576171	Psyr	Pflu	B	0	0	0	1	1
20B	43A	2	0	43A	0	0	-2	84.3	15.7	0.000218121	848.816818	0.073434626	278.1662065	Psyr	Pflu	B	0	0	0	1	1
20B	29A	2	0	29A	0	0	-2	84.1	15.9	0.000372866	726.89394	0.157347653	479.9635914	Psyr	Pflu	B	0	0	0	1	1
20B	39A	2	0	39A	0	0	-2	84.6	15.4	0.000447537	866.8900645	0.097976931	465.5136134	Psyr	Pflu	B	0	0	0	1	1
20B	34A	2	0	34A	0	0	-2	84.6	15.4	0.000305784	823.7151952	0.021349153	181.1986849	Psyr	Pflu	B	0	0	0	1	1
20B	27A	2	0	27A	0	0	-2	84.5	15.5	0.000146367	987.2169093	0.106752354	408.4239374	Psyr	Pflu	B	0	0	0	1	1
20B	36B	2	0	36B	0	0	-2	84.5	15.5	0.000156977	962.4277636	0.100902287	355.3630854	Psyr	Pflu	B	0	0	0	1	1
20B	33E	2	0	33E	0	0	-2	84.5	15.5	0.000175803	910.1523275	0.140487793	410.7344084	Psyr	Pflu	B	0	0	0	1	1
20B	13A	2	0	13A	0	0	-2	84.5	15.5	0.000144891	965.9066401	0.091588787	327.492138	Psyr	Pflu	B	0	0	0	1	1
20B	03A	2	0	03A	0	0	-2	84.2	15.8	0.000242927	848.2809827	0.119639479	416.5920614	Psyr	Pflu	B	0	0	0	1	1
20B	06A	2	0	06A	0	0	-2	84.2	15.8	0.000243316	867.641054	0.131052135	449.7311304	Psyr	Pflu	B	0	0	0	1	1
20B	46A	2	0	46A	0	0	-2	83.9	16.1	0.000650652	612.9730331	0.050179079	133.8157711	Psyr	Pflu	B	0	0	0	1	1
08B	36A	2	0	36A	0	0	-2	84	16	0.000473215	1212.457451	0.167143063	382.9191243	Psyr	Pflu	B	0	0	0	1	1
08B	06B	2	0	06B	0	0	-2	84	16	0.000331953	1105.128742	0.102060955	262.7157814	Psyr	Pflu	B	0	0	0	1	1
08B	07B	2	2	RI	0	2	0	84	16	0.000477146	1000.514743	0.202372254	546.8234347	Psyr	Pflu	B	0	1	0	0	1
08B	43A	2	0	43A	0	0	-2	84.2	15.8	0.000605822	1542.936628	0.16978455	415.1148453	Psyr	Pflu	B	0	0	0	1	1
08B	29A	2	0	29A	0	0	-2	84.2	15.8	0.000451077	1421.01375	0.085871523	213.3174604	Psyr	Pflu	B	0	0	0	1	1
08B	39A	2	0	39A	0	0	-2	84.6	15.4	0.000376406	1561.009874	0.145242245	227.7674384	Psyr	Pflu	B	0	0	0	1	1
08B	34A	2	0	34A	0	0	-2	84.7	15.3	0.000518159	1517.835005	0.264568329	512.0823669	Psyr	Pflu	B	0	0	0	1	1
08B	27A	2	0	27A	0	0	-2	84.6	15.4	0.000677576	1681.336719	0.136466822	284.8571144	Psyr	Pflu	B	0	0	0	1	1
08B	36B	2	0	36B	0	0	-2	84.6	15.4	0.000666966	1656.547573	0.142316889	337.9179664	Psyr	Pflu	B	0	0	0	1	1
08B	33E	2	0	33E	0	0	-2	84.6	15.4	0.00064814	1604.272137	0.102731383	282.5466434	Psyr	Pflu	B	0	0	0	1	1
08B	13A	2	0	13A	0	0	-2	84.6	15.4	0.000679052	1660.02645	0.151630389	365.7889138	Psyr	Pflu	B	0	0	0	1	1
08B	03A	2	1	03A	0	1	-1	84.5	15.5	0.000581016	1542.400792	0.123579697	276.6889904	Psyr	Pflu	B	0	0	0	1	1
08B	06A	2	1	06A	0	1	-1	84.5	15.5	0.000580627	1561.760864	0.112167041	243.5499214	Psyr	Pflu	B	0	0	0	1	1
08B	46A	2	0	46A	0	0	-2	84	16	0.000173291	1307.092843	0.293398255	559.4652807	Psyr	Pflu	B	0	0	0	1	1
36A	06B	0	1	36A	2	1	1	100	0	0.000141262	107.3287094	0.065082108	120.2033429	Pflu	Pflu	W	0	0	0	1	1
36A	07B	0	2	36A	2	2	2	100	0	3.93E-06	211.9427084	0.035229191	163.9043104	Pflu	Pflu	W	0	0	0	1	1
36A	43A	2	0	43A	0	0	-2	96.2	3.8	0.000132607	330.4791766	0.002641487	32.195721	Pflu	Pflu	W	0	0	0	1	1
36A	29A	2	0	29A	0	0	-2	96.1	3.9	2.21E-05	208.5562986	0.08127154	169.6016639	Pflu	Pflu	W	0	0	0	1	1
36A	39A	2	1	39A	0	1	-1	89.2	10.8	9.68E-05	348.5524231	0.021900818	155.1516859	Pflu	Pflu	W	0	0	0	1	1
36A	34A	2	0	34A	0	0	-2	89.5	10.5	4.49E-05	305.3775538	0.097425266	129.1632426	Pflu	Pflu	W	0	0	0	1	1
36A	27A	2	0	27A	0	0	-2	89.3	10.7	0.000204361	468.8792679	0.030676241	98.0620099	Pflu	Pflu	W	0	0	0	1	1
36A	36B	2	0	36B	0	0	-2	89.3	10.7	0.000193751	444.0901222	0.024826174	45.0011579	Pflu	Pflu	W	0	0	0	1	1
36A	33E	2	0	33E	0	0	-2	89.3	10.7	0.000174925	391.8146861	0.06441168	100.3724809	Pflu	Pflu	W	0	0	0	1	1
36A	13A	2	0	13A	0	0	-2	89.3	10.7	0.000205837	447.5689987	0.015512674	17.1302105	Pflu	Pflu	W	0	0	0	1	1
36A	03A	2	0	03A	0	0	-2	89.2	10.8	0.000107801	329.9433413	0.043563366	106.2301339	Pflu	Pflu	W	0	0	0	1	1
36A	06A	2	0	06A	0	0	-2	89.2	10.8	0.000107412	349.3034126	0.054976022	139.3692029	Pflu	Pflu	W	0	0	0	1	1
36A	46A	1	2	36A	1	2	1	89.1	10.9	0.000299924	94.6353917	0.126255192	176.5461564	Pflu	Pflu	W	0	0	0	1	1
06B	07B	0	1	06B	2	1	1	100	0	0.000145193	104.613999	0.100311299	284.1076533	Pflu	Pflu	W	0	0	0	1	1
06B	43A	2	0	43A	0	0	-2	96.2	3.8	0.000273869	437.807886	0.067723595	152.3990639	Pflu	Pflu	W	0	0	0	1	1
06B	29A	2	0	29A	0	0	-2	96.1	3.9	0.000119124	315.885008	0.016189432	49.398321	Pflu	Pflu	W	0	0	0	1	1
06B	39A	2	0	39A	0	0	-2	89.2	10.8	4.45E-05	455.8811325	0.04318129	34.948343	Pflu	Pflu	W	0	0	0	1	1
06B	34A	2	0	34A	0	0	-2	89.5	10.5	0.000186206	412.7062632	0.162507374	249.3665855	Pflu	Pflu	W	0	0	0	1	1
06B	27A	2	0	27A	0	0	-2	89.3	10.7	0.000345623	576.2079773	0.034405867	22.141333	Pflu	Pflu	W	0	0	0	1	1
06B	36B	2	0	36B	0	0	-2	89.3	10.7	0.000335013	551.4188316	0.040255934	75.202185	Pflu	Pflu	W	0	0	0	1	1
06B	33E	2	0	33E	0	0	-2	89.3	10.7	0.000316187	499.1433955	0.000670428	19.830862	Pflu	Pflu	W	0	0	0	1	1
06B	13A	2	0	13A	0	0	-2	89.3	10.7	0.000347099	554.8977081	0.049569434	103.0731324	Pflu	Pflu	W	0	0	0	1	1
06B	03A	2	0	03A	0	0	-2	89.2	10.8	0.000249063	437.2720507	0.021518742	13.973209	Pflu	Pflu	W	0	0	0	1	1
06B	06A	2	0	06A	0	0	-2	89.2	10.8	0.000248674	456.632122	0.010106086	19.16586	Pflu	Pflu	W	0	0	0	1	1
06B	46A	0	1	06B	2	1	1	89.1	10.9	0.000158662	201.9641011	0.1913373	296.7494993	Pflu	Pflu	W	0	0	0	1	1
07B	43A	2	0	43A	0	0	-2	96.2	3.8	0.000128676	542.421885	0.032587704	131.7085894	Pflu	Pflu	W	0	0	0	1	1
07B	29A	2	0	29A	0	0	-2	96.1	3.9	2.61E-05	420.499007	0.116500731	333.5059743	Pflu	Pflu	W	0	0	0	1	1
07B	39A	2	0	39A	0	0	-2	89.2	10.8	0.00010074	560.4951315	0.057130009	319.0559963	Pflu	Pflu	W	0	0	0	1	1
07B	34A	2	0	34A	0	0	-2	89.5	10.5	4.10E-05	517.3202622	0.062196075	34.7410678	Pflu	Pflu	W	0	0	0	1	1
07B	27A	2	0	27A	0	0	-2	89.3	10.7	0.00020043	680.8219763	0.065905432	261.9663203	Pflu	Pflu	W	0	0	0	1	1
07B	36B	2	0	36B	0	0	-2	89.3	10.7	0.00018982	656.0328306	0.060055365	208.9054683	Pflu	Pflu	W	0	0	0	1	1
07B	33E	2	0	33E	0	0	-2	89.3	10.7	0.000170994	603.7573945	0.099640871	264.2767913	Pflu	Pflu	W	0	0	0	1	1
07B	13A	2	0	13A	0	0	-2	89.3	10.7	0.000201906	659.5117071	0.050741865	181.0345209	Pflu	Pflu	W	0	0	0	1	1
07B	03A	2	0	03A	0	0	-2	89.2	10.8	0.00010387	541.8860497	0.078792557	270.1344443	Pflu	Pflu	W	0	0	0	1	1
07B	06A	2	0	06A	0	0	-2	89.2	10.8	0.000103481	561.246121	0.090205213	303.2735133	Pflu	Pflu	W	0	0	0	1	1
07B	46A	2	1	46A	0	1	-1	89.1	10.9	0.000303855	306.5781001	0.091026001	12.641846	Pflu	Pflu	W	0	0	0	1	1
43A	29A	0	0	RNI	2	0	0	99.8	0.2	0.000154745	121.922878	0.083913027	201.7973849	Pflu	Pflu	W	0	0	1	0	1
43A	39A	2	1	39A	0	1	-1	89.4	10.6	0.000229416	18.0732465	0.024542305	187.3474069	Pflu	Pflu	W	0	0	0	1	1
43A	34A	0	0	RNI	2	0	0	89.8	10.2	8.77E-05	25.1016228	0.094783779	96.9675216	Pflu	Pflu	W	0	0	1	0	1
43A	27A	2	0	27A	0	0	-2	89.3	10.7	7.18E-05	138.4000913	0.033317728	130.2577309	Pflu	Pflu	W	0	0	0	1	1
43A	36B	2	1	36B	0	1	-1	89.3	10.7	6.11E-05	113.6109456	0.027467661	77.1968789	Pflu	Pflu	W	0	0	0	1	1
43A	33E	2	2	RI	0	2	0	89.3	10.7	4.23E-05	61.3355095	0.067053167	132.5682019	Pflu	Pflu	W	0	1	0	0	1
43A	13A	2	1	13A	0	1	-1	89.3	10.7	7.32E-05	117.0898221	0.018154161	49.3259315	Pflu	Pflu	W	0	0	0	1	1
43A	03A	1	1	RI	1	1	0	89.3	10.7	2.48E-05	0.5358353	0.046204853	138.4258549	Pflu	Pflu	W	0	1	0	0	1
43A	06A	2	1	06A	0	1	-1	89.3	10.7	2.52E-05	18.824236	0.057617509	171.5649239	Pflu	Pflu	W	0	0	0	1	1
43A	46A	0	2	43A	2	2	2	88.7	11.3	0.000432531	235.8437849	0.123613705	144.3504354	Pflu	Pflu	W	0	0	0	1	1
29A	39A	1	1	RI	1	1	0	89.2	10.8	7.47E-05	139.9961245	0.059370722	14.449978	Pflu	Pflu	W	0	1	0	0	1
29A	34A	1	0	34A	1	0	-1	89.7	10.3	6.71E-05	96.8212552	0.178696806	298.7649065	Pflu	Pflu	W	0	0	0	1	1
29A	27A	1	0	27A	1	0	-1	89.3	10.7	0.000226499	260.3229693	0.050595299	71.539654	Pflu	Pflu	W	0	0	0	1	1
29A	36B	1	1	RI	1	1	0	89.3	10.7	0.000215889	235.5338236	0.056445366	124.600506	Pflu	Pflu	W	0	1	0	0	1
29A	33E	1	2	29A	1	2	1	89.3	10.7	0.000197063	183.2583875	0.01685986	69.229183	Pflu	Pflu	W	0	0	0	1	1
29A	13A	1	1	RI	1	1	0	89.3	10.7	0.000227975	239.0127001	0.065758866	152.4714534	Pflu	Pflu	W	0	1	0	0	1
29A	03A	0	1	29A	2	1	1	89.3	10.7	0.000129939	121.3870427	0.037708174	63.37153	Pflu	Pflu	W	0	0	0	1	1
29A	06A	1	1	RI	1	1	0	89.3	10.7	0.00012955	140.747114	0.026295518	30.232461	Pflu	Pflu	W	0	1	0	0	1
29A	46A	0	2	29A	2	2	2	88.5	11.5	0.000277786	113.9209069	0.207526732	346.1478203	Pflu	Pflu	W	0	0	0	1	1
39A	34A	1	0	34A	1	0	-1	94.4	5.6	0.000141753	43.1748693	0.119326084	284.3149285	Pflu	Pflu	W	0	0	0	1	1
39A	27A	2	1	27A	0	1	-1	93.4	6.6	0.00030117	120.3268448	0.008775423	57.089676	Pflu	Pflu	W	0	0	0	1	1
39A	36B	2	2	RI	0	2	0	93.4	6.6	0.00029056	95.5376991	0.002925356	110.150528	Pflu	Pflu	W	0	1	0	0	1
39A	33E	2	2	RI	0	2	0	93.4	6.6	0.000271734	43.262263	0.042510862	54.779205	Pflu	Pflu	W	0	1	0	0	1
39A	13A	2	2	RI	0	2	0	93.4	6.6	0.000302646	99.0165756	0.006388144	138.0214754	Pflu	Pflu	W	0	1	0	0	1
39A	03A	1	2	39A	1	2	1	93.1	6.9	0.00020461	18.6090818	0.021662548	48.921552	Pflu	Pflu	W	0	0	0	1	1
39A	06A	1	1	RI	1	1	0	93.1	6.9	0.000204221	0.7509895	0.033075204	15.782483	Pflu	Pflu	W	0	1	0	0	1
39A	46A	0	2	39A	2	2	2	92.1	7.9	0.000203115	253.9170314	0.14815601	331.6978423	Pflu	Pflu	W	0	0	0	1	1
34A	27A	0	0	RNI	2	0	0	93.1	6.9	0.000159417	163.5017141	0.128101507	227.2252525	Pflu	Pflu	W	0	0	1	0	1
34A	36B	0	1	34A	2	1	1	93.1	6.9	0.000148807	138.7125684	0.12225144	174.1644005	Pflu	Pflu	W	0	0	0	1	1
34A	33E	0	1	34A	2	1	1	93.1	6.9	0.000129981	86.4371323	0.161836946	229.5357235	Pflu	Pflu	W	0	0	0	1	1
34A	13A	0	1	34A	2	1	1	93.1	6.9	0.000160893	142.1914449	0.11293794	146.2934531	Pflu	Pflu	W	0	0	0	1	1
34A	03A	0	1	34A	2	1	1	92.9	7.1	6.29E-05	24.5657875	0.140988632	235.3933765	Pflu	Pflu	W	0	0	0	1	1
34A	06A	0	1	34A	2	1	1	92.9	7.1	6.25E-05	43.9258588	0.152401288	268.5324455	Pflu	Pflu	W	0	0	0	1	1
34A	46A	0	2	34A	2	2	2	92.3	7.7	0.000344868	210.7421621	0.028829926	47.3829138	Pflu	Pflu	W	0	0	0	1	1
27A	36B	0	1	27A	2	1	1	100	0	1.06E-05	24.7891457	0.005850067	53.060852	Pflu	Pflu	W	0	0	0	1	1
27A	33E	0	1	27A	2	1	1	100	0	2.94E-05	77.0645818	0.033735439	2.310471	Pflu	Pflu	W	0	0	0	1	1
27A	13A	0	1	27A	2	1	1	100	0	1.48E-06	21.3102692	0.015163567	80.9317994	Pflu	Pflu	W	0	0	0	1	1
27A	03A	0	1	27A	2	1	1	98.2	1.8	9.66E-05	138.9359266	0.012887125	8.168124	Pflu	Pflu	W	0	0	0	1	1
27A	06A	0	1	27A	2	1	1	98.2	1.8	9.69E-05	119.5758553	0.024299781	41.307193	Pflu	Pflu	W	0	0	0	1	1
27A	46A	0	2	27A	2	2	2	93.2	6.8	0.000504285	374.2438762	0.156931433	274.6081663	Pflu	Pflu	W	0	0	0	1	1
36B	33E	1	1	RI	1	1	0	100	0	1.88E-05	52.2754361	0.039585506	55.371323	Pflu	Pflu	W	0	1	0	0	1
36B	13A	1	1	RI	1	1	0	100	0	1.21E-05	3.4788765	0.0093135	27.8709474	Pflu	Pflu	W	0	1	0	0	1
36B	03A	1	1	RI	1	1	0	98.2	1.8	8.60E-05	114.1467809	0.018737192	61.228976	Pflu	Pflu	W	0	1	0	0	1
36B	06A	1	1	RI	1	1	0	98.2	1.8	8.63E-05	94.7867096	0.030149848	94.368045	Pflu	Pflu	W	0	1	0	0	1
36B	46A	0	2	36B	2	2	2	93.2	6.8	0.000493675	349.4547305	0.151081366	221.5473143	Pflu	Pflu	W	0	0	0	1	1
33E	13A	1	1	RI	1	1	0	100	0	3.09E-05	55.7543126	0.048899006	83.2422704	Pflu	Pflu	W	0	1	0	0	1
33E	03A	0	1	33E	2	1	1	98.2	1.8	6.71E-05	61.8713448	0.020848314	5.857653	Pflu	Pflu	W	0	0	0	1	1
33E	06A	0	1	33E	2	1	1	98.2	1.8	6.75E-05	42.5112735	0.009435658	38.996722	Pflu	Pflu	W	0	0	0	1	1
33E	46A	0	2	33E	2	2	2	93.2	6.8	0.000474849	297.1792944	0.190666872	276.9186373	Pflu	Pflu	W	0	0	0	1	1
13A	03A	0	1	13A	2	1	1	98.2	1.8	9.80E-05	117.6256574	0.028050692	89.0999234	Pflu	Pflu	W	0	0	0	1	1
13A	06A	1	1	RI	1	1	0	98.2	1.8	9.84E-05	98.2655861	0.039463348	122.2389924	Pflu	Pflu	W	0	1	0	0	1
13A	46A	0	2	13A	2	2	2	93.2	6.8	0.000505761	352.933607	0.141767866	193.6763669	Pflu	Pflu	W	0	0	0	1	1
03A	06A	1	0	06A	1	0	-1	100	0	3.89E-07	19.3600713	0.011412656	33.139069	Pflu	Pflu	W	0	0	0	1	1
03A	46A	0	2	03A	2	2	2	93	7	0.000407725	235.3079496	0.169818558	282.7762903	Pflu	Pflu	W	0	0	0	1	1
06A	46A	0	2	06A	2	2	2	93	7	0.000407336	254.6680209	0.181231214	315.9153593	Pflu	Pflu	W	0	0	0	1	1
