min	03A	06A	13A	27A	33E	36B	46A	34A	39A	43A	29A	06B	07B	36A
0	0	0	0	0	0.000375	0	0	0.000375	0	0	0	0	0	0
5	0	0	0	0	0	0	0	0	0	0	0	0	0	0
10	0	0.00025	0	0	0	0.00025	0	0	0	0	0	0	0	0
15	0	0.00025	0	0	0	0.00025	0	0	0	0	0	0	0.000375	0
20	0	0.00025	0	0	0	0.00025	0	0	0	0	0	0	0.000375	0
25	0	0.00025	0	0	0	0.00025	0	0	0	0	0	0	0.000375	0
30	0	0.00025	0	0	0	0.00025	0	0	0	0	0.0005	0	0.000375	0
35	0	0.00025	0	0	0	0.00025	0	0	0	0	0.0005	0	0.000375	0
40	0	0.00025	0	0	0	0.00025	0	0	0	0	0.001	0	0.000375	0
45	0	0.00075	0	0	0	0.00025	0	0	0	0	0.0005	0	0	0
50	0	0.00075	0	0	0	0.00025	0	0	0	0	0.0005	0	0	0
55	0	0.00075	0	0	0	0.00025	0	0	0	0	0.0005	0	0	0
60	0	0.00075	0	0	0	0.00025	0	0	0	0	0.0005	0	0	0
65	0	0.00075	0	0	0	0.00025	0.0005	0	0	0	0.001	0	0	0
70	0	0.00075	0	0.0005	0	0.00025	0.0005	0	0	0	0.0005	0	0.000375	0
75	0	0.00075	0	0.0005	0	0.00025	0.0005	0	0	0	0.0005	0	0	0
80	0	0.00075	0	0.0005	0	0.00025	0.0005	0	0	0	0.001	0	0	0
85	0	0.00125	0	0.0005	0	0.00025	0.0005	0	0	0	0.001	0	0.000375	0
90	0	0.00125	0	0.0005	0	0.00075	0.0005	0	0	0.0005	0.001	0	0.000375	0
95	0	0.00125	0	0.0005	0	0.00075	0.0005	0	0	0.001	0.001	0	0.000375	0
100	0	0.00125	0	0.001	0	0.00075	0.0005	0	0.0005	0.001	0.001	0	0.000375	0
105	0	0.00125	0	0.001	0	0.00075	0.0005	0	0.0005	0.001	0.001	0	0.000375	0
110	0	0.00125	0	0.001	0	0.00075	0.0005	0	0.0005	0.001	0.001	0	0.000375	0
115	0	0.00125	0	0.001	0	0.00075	0.0005	0	0.0005	0.001	0.001	0	0	0
120	0	0.00125	0	0.001	0	0.00075	0.0005	0	0.0005	0.001	0.001	0	0.000375	0
125	0	0.00125	0	0.001	0	0.00075	0.0005	0	0.0005	0.001	0.001	0	0.000375	0
130	0	0.00175	0	0.0015	0	0.00125	0.0005	0	0.001	0.001	0.001	0	0	0
135	0	0.00125	0	0.0015	0	0.00125	0.0005	0	0.001	0.001	0.001	0	0	0
140	0	0.00175	0	0.0015	0	0.00125	0.0005	0	0.001	0.001	0.001	0	0	0
145	0	0.00175	0	0.002	0	0.00175	0.0005	0	0.001	0.001	0.001	0	0	0
150	0	0.00175	0	0.0015	0	0.00175	0.0005	0	0.001	0.001	0.001	0	0	0
155	0	0.00175	0	0.0015	0	0.00175	0.0005	0	0.001	0.001	0.001	0	0	0
160	0	0.00175	0	0.002	0	0.00175	0.0005	0	0.0015	0.001	0.001	0	0	0
165	0	0.00175	0	0.002	0	0.00175	0.0005	0	0.002	0.001	0.001	0	0	0
170	0	0.00175	0.001	0.0025	0.000875	0.00175	0.0005	0	0.002	0.001	0.0015	0	0	0
175	0	0.00275	0.001	0.003	0.000875	0.00275	0.0005	0	0.002	0.001	0.0015	0	0	0
180	0.0005	0.00275	0.0015	0.003	0.000875	0.00275	0.0005	0	0.002	0.0015	0.0015	0	0	0
185	0.0005	0.00225	0.002	0.0035	0.000875	0.00275	0.0005	0	0.002	0.0015	0.0015	0	0	0
190	0.0005	0.00275	0.0015	0.003	0.000875	0.00275	0.0005	0	0.002	0.0015	0.0015	0	0	0
195	0.0005	0.00275	0.001	0.0035	0.000875	0.00275	0.0005	0	0.003	0.0015	0.0015	0	0	0
200	0.0005	0.00275	0.0025	0.0035	0.000875	0.00325	0.0005	0	0.003	0.002	0.0015	0	0	0
205	0.001	0.00275	0.002	0.0045	0.001375	0.00325	0.0005	0	0.003	0.002	0.0015	0	0	0
210	0.001	0.00275	0.0035	0.005	0.001875	0.00375	0.0005	0.000375	0.003	0.002	0.0015	0	0	0
215	0.001	0.00275	0.005	0.0045	0.001375	0.00375	0.0005	0.000375	0.0035	0.0025	0.0025	0	0	0
220	0.001	0.00325	0.004	0.0045	0.001875	0.00425	0.0005	0.000875	0.004	0.0025	0.0025	0	0	0
225	0.001	0.00325	0.0035	0.005	0.002375	0.00425	0.0005	0.000875	0.004	0.0025	0.0025	0	0	0
230	0.001	0.00375	0.0045	0.0065	0.001875	0.00425	0.0005	0.000875	0.004	0.0025	0.0025	0	0	0
235	0.0015	0.00375	0.005	0.0055	0.002375	0.00525	0.0005	0.000875	0.004	0.0025	0.0025	0	0	0
240	0.0015	0.00375	0.005	0.007	0.001875	0.00675	0.0005	0.001875	0.004	0.0025	0.0025	0	0	0
245	0.002	0.00375	0.0035	0.0065	0.001875	0.00525	0.0005	0.001375	0.005	0.0025	0.003	0	0	0
250	0.002	0.00375	0.006	0.0075	0.002875	0.00575	0.0005	0.000875	0.005	0.0035	0.003	0	0	0
255	0.002	0.00375	0.0035	0.0065	0.004375	0.00575	0.0005	0.001375	0.005	0.0035	0.003	0	0	0
260	0.002	0.00375	0.004	0.0075	0.002875	0.00675	0.001	0.002375	0.006	0.0035	0.0035	0	0	0
265	0.002	0.00375	0.004	0.009	0.003375	0.00725	0.001	0.002375	0.0055	0.0035	0.0035	0	0	0
270	0.002	0.00375	0.006	0.009	0.003875	0.00675	0.001	0.002875	0.006	0.0035	0.004	0	0	0
275	0.0025	0.00475	0.0055	0.009	0.003875	0.00725	0.0015	0.002875	0.0065	0.004	0.004	0	0	0
280	0.003	0.00475	0.006	0.0095	0.005875	0.00825	0.0015	0.002875	0.007	0.004	0.0045	0	0	0
285	0.003	0.00525	0.005	0.01	0.006875	0.00825	0.0015	0.001875	0.007	0.0045	0.0045	0	0	0
290	0.003	0.00475	0.0055	0.011	0.005875	0.00825	0.0015	0.002375	0.0075	0.0045	0.0045	0	0	0
295	0.003	0.00525	0.0065	0.01	0.006375	0.00875	0.0015	0.002875	0.008	0.005	0.005	0	0	0
300	0.003	0.00575	0.007	0.0105	0.006875	0.00975	0.0015	0.001875	0.0085	0.005	0.0055	0	0	0
305	0.004	0.00625	0.008	0.0125	0.007375	0.01025	0.0015	0.004375	0.0085	0.005	0.0055	0	0	0
310	0.0035	0.00675	0.0075	0.0145	0.007375	0.01025	0.0015	0.003875	0.009	0.005	0.006	0	0	0
315	0.004	0.00675	0.0085	0.015	0.007875	0.01275	0.0015	0.003875	0.0095	0.006	0.006	0	0	0
320	0.004	0.00675	0.009	0.014	0.007875	0.01075	0.0015	0.003375	0.0095	0.006	0.0065	0	0	0
325	0.004	0.00675	0.0095	0.0155	0.008375	0.01325	0.0015	0.004375	0.0105	0.006	0.0065	0	0	0
330	0.005	0.00675	0.0105	0.017	0.007875	0.01225	0.0015	0.004875	0.0105	0.0065	0.007	0	0	0
335	0.005	0.00725	0.011	0.0165	0.008375	0.01375	0.002	0.004375	0.0115	0.0065	0.0075	0	0	0
340	0.005	0.00675	0.0115	0.0155	0.009375	0.01425	0.002	0.005375	0.0115	0.007	0.0075	0	0	0
345	0.005	0.00725	0.012	0.018	0.009375	0.01475	0.002	0.005375	0.0125	0.0075	0.0085	0	0	0
350	0.0055	0.00775	0.0125	0.02	0.010875	0.01625	0.0025	0.004875	0.0125	0.0075	0.009	0	0	0
355	0.0055	0.00775	0.013	0.0195	0.009875	0.01725	0.0025	0.006375	0.0135	0.008	0.009	0	0	0
360	0.0055	0.00775	0.014	0.0205	0.009375	0.01725	0.0025	0.004375	0.0135	0.0085	0.0095	0	0	0.0005
365	0.006	0.00875	0.0145	0.0215	0.011875	0.01875	0.0025	0.007375	0.0145	0.0085	0.01	0	0	0.0005
370	0.006	0.00875	0.0145	0.022	0.012375	0.01725	0.0025	0.004875	0.015	0.0085	0.0105	0	0	0.001
375	0.0065	0.00875	0.015	0.0215	0.011875	0.01975	0.0025	0.007875	0.015	0.0095	0.0105	0	0	0.001
380	0.007	0.00875	0.0155	0.022	0.013375	0.01875	0.0025	0.008375	0.016	0.0095	0.0115	0	0	0.0005
385	0.007	0.00925	0.0175	0.0235	0.013875	0.02025	0.0025	0.006375	0.016	0.01	0.0115	0	0	0
390	0.007	0.00925	0.0175	0.025	0.014375	0.01975	0.0025	0.008375	0.0165	0.0105	0.0125	0	0	0.001
395	0.0075	0.00925	0.018	0.026	0.014875	0.02125	0.003	0.007375	0.0165	0.0105	0.0125	0	0	0.0005
400	0.008	0.01075	0.018	0.0255	0.014375	0.02075	0.0035	0.007375	0.0175	0.0105	0.013	0	0	0.0005
405	0.008	0.01025	0.018	0.0255	0.014875	0.02225	0.003	0.008875	0.018	0.0115	0.014	0	0	0
410	0.008	0.01125	0.0185	0.0255	0.015375	0.02275	0.0035	0.009875	0.0185	0.0115	0.014	0	0	0.0005
415	0.008	0.01125	0.018	0.0285	0.016875	0.02425	0.0035	0.007875	0.0185	0.012	0.0145	0	0	0.0005
420	0.0085	0.01225	0.018	0.0265	0.019375	0.02425	0.0035	0.009875	0.0195	0.012	0.015	0	0	0.001
425	0.009	0.01175	0.018	0.0275	0.017875	0.02225	0.0035	0.007875	0.0195	0.0125	0.016	0	0	0.001
430	0.009	0.01225	0.0195	0.026	0.017875	0.02425	0.0035	0.009375	0.02	0.013	0.016	0	0	0.0005
435	0.009	0.01225	0.0205	0.032	0.016875	0.02275	0.0035	0.008875	0.0205	0.013	0.017	0	0	0.001
440	0.0095	0.01275	0.022	0.031	0.017375	0.02475	0.0035	0.009875	0.021	0.0135	0.0175	0	0	0.001
445	0.01	0.01325	0.023	0.031	0.021875	0.02725	0.004	0.009375	0.022	0.014	0.018	0	0	0.002
450	0.01	0.01275	0.023	0.0325	0.020875	0.02725	0.0045	0.011375	0.0225	0.014	0.019	0	0	0.0015
455	0.0105	0.01375	0.0225	0.0355	0.020375	0.02775	0.0045	0.009375	0.023	0.014	0.0195	0	0	0.001
460	0.01	0.01375	0.023	0.0345	0.018875	0.02875	0.0045	0.009875	0.023	0.014	0.0195	0	0	0.0015
465	0.0105	0.01425	0.0245	0.036	0.020875	0.02975	0.0045	0.012375	0.0245	0.015	0.0205	0	0	0.0015
470	0.011	0.01425	0.0245	0.036	0.018875	0.02825	0.0045	0.011875	0.0245	0.015	0.021	0	0	0.001
475	0.011	0.01425	0.026	0.036	0.020875	0.02875	0.0045	0.010875	0.025	0.015	0.0215	0	0	0.002
480	0.011	0.01475	0.0265	0.0355	0.022875	0.03025	0.0045	0.011875	0.026	0.015	0.022	0	0	0.0015
485	0.012	0.01525	0.025	0.0345	0.022875	0.03125	0.0045	0.012375	0.027	0.0155	0.0225	0	0	0.0015
490	0.012	0.01625	0.029	0.037	0.022875	0.03375	0.0055	0.013375	0.027	0.016	0.023	0	0	0.0015
495	0.0125	0.01525	0.0305	0.0385	0.024375	0.03025	0.0055	0.012875	0.028	0.0165	0.0235	0	0	0.002
500	0.013	0.01675	0.03	0.04	0.025375	0.03325	0.0055	0.014375	0.029	0.017	0.024	0	0	0.0015
505	0.013	0.01675	0.03	0.04	0.028875	0.03425	0.0055	0.014375	0.0295	0.017	0.0245	0	0	0.0015
510	0.014	0.01725	0.032	0.041	0.024375	0.03425	0.0055	0.014375	0.031	0.0185	0.0245	0	0	0.0015
515	0.0145	0.01775	0.0325	0.044	0.025875	0.03675	0.0065	0.014375	0.0325	0.0185	0.0255	0	0.000375	0.002
520	0.015	0.01825	0.0335	0.0465	0.026875	0.03875	0.0065	0.013875	0.032	0.019	0.0255	0	0	0.0015
525	0.015	0.01875	0.0345	0.047	0.028875	0.03825	0.0065	0.015875	0.033	0.02	0.026	0	0	0.002
530	0.016	0.01875	0.035	0.047	0.028875	0.03925	0.0065	0.016875	0.0345	0.02	0.026	0	0	0.002
535	0.016	0.01975	0.0355	0.047	0.025875	0.04175	0.0065	0.017875	0.036	0.021	0.0265	0	0	0.002
540	0.0165	0.01925	0.038	0.048	0.031875	0.04375	0.007	0.017875	0.036	0.0215	0.027	0	0	0.002
545	0.0175	0.02025	0.0395	0.049	0.030375	0.04325	0.007	0.018375	0.038	0.0215	0.0275	0	0	0.0025
550	0.018	0.02025	0.0405	0.0505	0.031875	0.04325	0.0075	0.018375	0.0395	0.0225	0.0275	0	0	0.0025
555	0.0185	0.02175	0.042	0.052	0.031875	0.04525	0.007	0.019375	0.039	0.0235	0.028	0	0	0.0025
560	0.0195	0.02175	0.043	0.054	0.033375	0.04675	0.007	0.020375	0.04	0.0245	0.028	0	0	0.0025
565	0.0195	0.02275	0.044	0.0555	0.033375	0.04775	0.008	0.020875	0.042	0.025	0.0285	0	0	0.0025
570	0.0205	0.02325	0.0455	0.057	0.033875	0.04875	0.008	0.021875	0.0435	0.026	0.0285	0	0	0.0025
575	0.0215	0.02475	0.047	0.0575	0.038375	0.04975	0.008	0.022875	0.045	0.0265	0.029	0	0	0.003
580	0.0215	0.02475	0.048	0.0585	0.036875	0.05075	0.008	0.022875	0.0455	0.027	0.029	0	0	0.0035
585	0.023	0.02625	0.0495	0.0595	0.038375	0.05225	0.008	0.023875	0.046	0.0275	0.029	0	0	0.0035
590	0.024	0.02675	0.051	0.061	0.041875	0.05325	0.008	0.024875	0.048	0.0285	0.029	0	0	0.004
595	0.0245	0.02825	0.053	0.0625	0.042875	0.05525	0.008	0.025875	0.0505	0.0305	0.0295	0	0	0.0035
600	0.0255	0.02875	0.054	0.0635	0.044375	0.05575	0.008	0.026875	0.0515	0.0305	0.029	0	0	0.0035
605	0.0265	0.03075	0.057	0.0655	0.045875	0.05775	0.0085	0.028375	0.0525	0.032	0.029	0	0	0.004
610	0.0275	0.03175	0.058	0.067	0.046375	0.05875	0.0085	0.029375	0.0555	0.0325	0.0295	0	0	0.0045
615	0.0285	0.03375	0.06	0.0685	0.047875	0.06075	0.009	0.030375	0.0565	0.034	0.0295	0	0	0.0045
620	0.03	0.03525	0.0625	0.0715	0.049375	0.06325	0.009	0.031875	0.0595	0.0355	0.0295	0.0005	0.000375	0.004
625	0.0315	0.03675	0.064	0.073	0.049875	0.06425	0.009	0.032375	0.061	0.037	0.0295	0	0	0.0045
630	0.0325	0.03875	0.066	0.0755	0.051375	0.06675	0.009	0.033875	0.063	0.0385	0.0295	0	0	0.0045
635	0.0345	0.04075	0.0685	0.0775	0.052375	0.06875	0.0095	0.034875	0.065	0.04	0.03	0	0	0.0045
640	0.0365	0.04275	0.07	0.079	0.053375	0.07075	0.0095	0.036875	0.0675	0.0415	0.03	0	0	0.0045
645	0.038	0.04425	0.0725	0.0815	0.054875	0.07325	0.01	0.037875	0.0695	0.0425	0.03	0	0	0.0045
650	0.04	0.04675	0.0745	0.083	0.056875	0.07575	0.01	0.039375	0.072	0.044	0.03	0.0005	0	0.005
655	0.041	0.04825	0.077	0.0855	0.058375	0.07725	0.01	0.040875	0.074	0.0455	0.0305	0	0	0.0045
660	0.044	0.05025	0.078	0.0865	0.060375	0.07925	0.0105	0.042375	0.077	0.0465	0.031	0.0005	0	0.0045
665	0.0455	0.05225	0.08	0.089	0.062375	0.08175	0.011	0.044375	0.079	0.048	0.0315	0.0005	0	0.0045
670	0.0475	0.05475	0.082	0.0905	0.064375	0.08325	0.011	0.045875	0.0825	0.0495	0.0325	0.0005	0	0.004
675	0.049	0.05675	0.0835	0.0925	0.066875	0.08525	0.011	0.046875	0.086	0.0505	0.0325	0	0	0.0035
680	0.051	0.05925	0.085	0.0945	0.068875	0.08675	0.0115	0.049375	0.088	0.0525	0.033	0.0005	0	0.0045
685	0.053	0.06125	0.0865	0.0965	0.070875	0.08875	0.012	0.050875	0.0905	0.0535	0.0335	0.001	0	0.0045
690	0.0555	0.06425	0.0885	0.098	0.073375	0.09075	0.012	0.052375	0.0935	0.055	0.034	0.0005	0	0.005
695	0.0575	0.06575	0.0905	0.0995	0.074875	0.09225	0.012	0.054875	0.0965	0.0565	0.035	0.001	0.000375	0.0055
700	0.06	0.06875	0.0915	0.1015	0.077875	0.09425	0.013	0.057375	0.0995	0.0585	0.0355	0.001	0	0.005
705	0.062	0.07125	0.0935	0.1035	0.079875	0.09625	0.013	0.058875	0.103	0.06	0.036	0.001	0	0.0055
710	0.0645	0.07375	0.0945	0.1055	0.081875	0.09775	0.013	0.061375	0.1065	0.062	0.037	0.001	0	0.006
715	0.067	0.07575	0.096	0.1065	0.083875	0.09925	0.0135	0.062375	0.1095	0.0635	0.038	0.001	0	0.006
720	0.0695	0.07825	0.097	0.1085	0.085875	0.10025	0.0135	0.064375	0.1135	0.0655	0.04	0.0015	0.000375	0.0065
725	0.072	0.08075	0.098	0.11	0.087875	0.10225	0.014	0.067375	0.117	0.068	0.041	0.0015	0	0.0065
730	0.0745	0.08375	0.1	0.1115	0.090375	0.10425	0.0145	0.069375	0.12	0.07	0.042	0.0015	0	0.0065
735	0.076	0.08525	0.1005	0.1125	0.091375	0.10525	0.0145	0.071375	0.122	0.072	0.043	0.002	0	0.0065
740	0.079	0.08825	0.1015	0.114	0.093875	0.10725	0.0155	0.073875	0.126	0.075	0.045	0.002	0.000375	0.0075
745	0.0815	0.09025	0.103	0.115	0.096375	0.10875	0.0155	0.076875	0.1295	0.077	0.0465	0.002	0.000375	0.0075
750	0.084	0.09325	0.104	0.116	0.097875	0.11025	0.0165	0.079875	0.1335	0.08	0.0475	0.002	0.000375	0.0075
755	0.0855	0.09575	0.105	0.117	0.099375	0.11075	0.0165	0.082875	0.1355	0.082	0.049	0.002	0	0.0075
760	0.0885	0.09825	0.106	0.1185	0.101375	0.11225	0.0175	0.085375	0.1395	0.084	0.051	0.003	0	0.0075
765	0.091	0.10075	0.107	0.12	0.103375	0.11275	0.0175	0.088375	0.1415	0.0865	0.053	0.0025	0	0.008
770	0.094	0.10375	0.1085	0.121	0.105375	0.11475	0.018	0.091875	0.146	0.0885	0.0545	0.003	0.000875	0.0085
775	0.0965	0.10575	0.1095	0.122	0.106875	0.11575	0.0185	0.093875	0.149	0.091	0.056	0.0025	0.000875	0.0085
780	0.0985	0.10775	0.111	0.123	0.108375	0.11675	0.019	0.096375	0.152	0.0925	0.058	0.003	0.000375	0.0085
785	0.101	0.11075	0.112	0.1245	0.109875	0.11775	0.02	0.099375	0.155	0.095	0.06	0.003	0.000875	0.0085
790	0.103	0.11275	0.113	0.125	0.110875	0.11875	0.0205	0.101875	0.1585	0.096	0.062	0.003	0.000875	0.009
795	0.106	0.11525	0.114	0.1265	0.112375	0.11975	0.0215	0.104875	0.1625	0.098	0.0645	0.0035	0.000875	0.009
800	0.1085	0.11775	0.115	0.1275	0.113875	0.12075	0.0225	0.107875	0.166	0.0995	0.0665	0.0035	0.000875	0.009
805	0.1115	0.12025	0.116	0.1285	0.114875	0.12225	0.0235	0.110375	0.169	0.1005	0.0695	0.003	0.000875	0.0095
810	0.114	0.12275	0.118	0.1305	0.116875	0.12375	0.0245	0.112875	0.173	0.102	0.072	0.003	0.000875	0.01
815	0.116	0.12525	0.119	0.1315	0.117875	0.12525	0.025	0.115375	0.1765	0.103	0.075	0.003	0.001375	0.01
820	0.1185	0.12775	0.12	0.133	0.119875	0.12625	0.026	0.117375	0.18	0.1045	0.0785	0.0035	0.000875	0.01
825	0.121	0.13025	0.121	0.1345	0.121375	0.12825	0.028	0.119875	0.1835	0.106	0.081	0.0035	0.001375	0.011
830	0.1235	0.13225	0.122	0.1355	0.122375	0.12925	0.0295	0.121375	0.187	0.107	0.0845	0.0035	0.001875	0.011
835	0.1255	0.13425	0.123	0.137	0.123375	0.13025	0.031	0.123375	0.1905	0.1075	0.0875	0.0045	0.001875	0.0115
840	0.128	0.13725	0.1245	0.138	0.124875	0.13225	0.033	0.124875	0.1935	0.1095	0.091	0.0045	0.002375	0.012
845	0.1305	0.13925	0.126	0.139	0.125875	0.13325	0.0345	0.126375	0.1965	0.11	0.0935	0.0055	0.001875	0.012
850	0.1325	0.14225	0.127	0.1405	0.127375	0.13475	0.0375	0.127875	0.1995	0.111	0.0965	0.0055	0.002375	0.013
855	0.135	0.14425	0.1285	0.1425	0.128375	0.13575	0.0395	0.129875	0.204	0.112	0.0995	0.0055	0.002375	0.014
860	0.137	0.14625	0.13	0.1435	0.129875	0.13725	0.042	0.130875	0.2065	0.1135	0.1025	0.0065	0.001875	0.014
865	0.139	0.14875	0.131	0.145	0.130875	0.13875	0.045	0.131875	0.21	0.114	0.105	0.0065	0.002375	0.015
870	0.141	0.15075	0.1325	0.147	0.132875	0.14025	0.048	0.133875	0.213	0.115	0.108	0.007	0.002375	0.0165
875	0.143	0.15325	0.1335	0.1485	0.133875	0.14125	0.051	0.134875	0.2165	0.1155	0.111	0.007	0.002375	0.0175
880	0.1455	0.15575	0.1345	0.1495	0.135375	0.14275	0.055	0.136375	0.22	0.117	0.114	0.007	0.002375	0.0185
885	0.147	0.15825	0.1365	0.151	0.136375	0.14425	0.0595	0.137375	0.223	0.1185	0.117	0.0075	0.002375	0.02
890	0.15	0.16075	0.1375	0.1525	0.138375	0.14525	0.064	0.138875	0.226	0.1195	0.1195	0.008	0.002375	0.0215
895	0.151	0.16225	0.1385	0.1535	0.139375	0.14675	0.068	0.139375	0.229	0.1205	0.122	0.008	0.002375	0.023
900	0.1535	0.16425	0.14	0.1545	0.140375	0.14825	0.073	0.140875	0.232	0.1215	0.125	0.008	0.002875	0.0245
905	0.1555	0.16625	0.1415	0.1555	0.141375	0.14875	0.0775	0.141375	0.2345	0.122	0.1275	0.008	0.002875	0.026
910	0.1575	0.16825	0.1425	0.1575	0.143375	0.14975	0.082	0.141375	0.2375	0.1235	0.1305	0.0085	0.002875	0.0275
915	0.159	0.17075	0.144	0.1585	0.144375	0.15125	0.0865	0.142375	0.2405	0.124	0.133	0.0085	0.003375	0.0295
920	0.161	0.17225	0.145	0.1595	0.146375	0.15325	0.091	0.142375	0.243	0.1255	0.136	0.009	0.003875	0.0305
925	0.163	0.17425	0.1465	0.161	0.147375	0.15425	0.0955	0.142875	0.245	0.1265	0.139	0.0095	0.003875	0.0325
930	0.165	0.17625	0.148	0.1625	0.148375	0.15575	0.1	0.143375	0.248	0.1275	0.142	0.0095	0.003875	0.034
935	0.167	0.17875	0.149	0.164	0.149875	0.15725	0.104	0.143875	0.251	0.1285	0.1455	0.01	0.004375	0.036
940	0.168	0.18075	0.149	0.165	0.150875	0.15825	0.1085	0.143375	0.253	0.129	0.148	0.01	0.004875	0.0375
945	0.1705	0.18275	0.151	0.1665	0.152875	0.15975	0.1125	0.144375	0.2565	0.131	0.1515	0.01	0.004875	0.039
950	0.1725	0.18475	0.152	0.1675	0.153875	0.16125	0.117	0.144875	0.2585	0.1315	0.155	0.0105	0.004875	0.041
955	0.1745	0.18725	0.1535	0.1695	0.155875	0.16275	0.1215	0.145375	0.261	0.1325	0.158	0.0105	0.005375	0.043
960	0.1765	0.18875	0.154	0.1705	0.157375	0.16425	0.1255	0.145875	0.263	0.134	0.161	0.0105	0.005375	0.0445
965	0.178	0.19025	0.1555	0.1715	0.158375	0.16525	0.1295	0.146375	0.2655	0.135	0.164	0.011	0.005875	0.046
970	0.18	0.19225	0.1565	0.173	0.160375	0.16625	0.1335	0.146375	0.267	0.136	0.1665	0.0115	0.005875	0.048
975	0.1815	0.19425	0.1575	0.174	0.161875	0.16825	0.1375	0.146375	0.269	0.1365	0.17	0.0115	0.006375	0.05
980	0.1835	0.19625	0.1585	0.1755	0.162875	0.16925	0.142	0.147375	0.271	0.1385	0.1725	0.0125	0.006375	0.0515
985	0.1855	0.19825	0.1595	0.1775	0.164875	0.17025	0.1455	0.147875	0.2735	0.1395	0.1755	0.0125	0.006875	0.053
990	0.187	0.19975	0.1605	0.1785	0.166375	0.17175	0.149	0.148875	0.275	0.1405	0.178	0.013	0.006875	0.055
995	0.189	0.20175	0.162	0.1805	0.167875	0.17325	0.154	0.149375	0.2765	0.1425	0.181	0.014	0.007875	0.0575
1000	0.1905	0.20475	0.1635	0.181	0.169375	0.17425	0.1575	0.150875	0.279	0.144	0.184	0.0145	0.007875	0.0595
1005	0.192	0.20575	0.1645	0.1825	0.170875	0.17525	0.161	0.151875	0.281	0.145	0.1865	0.015	0.007875	0.0615
1010	0.194	0.20725	0.165	0.1835	0.171875	0.17675	0.165	0.152875	0.2815	0.1465	0.1885	0.017	0.007875	0.0635
1015	0.196	0.20925	0.167	0.185	0.173375	0.17825	0.1685	0.154375	0.284	0.1475	0.1915	0.018	0.008375	0.0665
1020	0.197	0.21125	0.168	0.1865	0.174375	0.17975	0.1725	0.155375	0.2845	0.1485	0.193	0.0195	0.009375	0.0685
1025	0.199	0.21225	0.1685	0.1875	0.175375	0.18025	0.175	0.156375	0.2855	0.1495	0.1955	0.021	0.009375	0.071
1030	0.2005	0.21475	0.17	0.1885	0.177375	0.18175	0.179	0.156875	0.288	0.151	0.1975	0.0235	0.009375	0.0735
1035	0.202	0.21675	0.171	0.1895	0.179375	0.18275	0.182	0.158375	0.2885	0.152	0.1995	0.0255	0.009875	0.0765
1040	0.203	0.21775	0.172	0.1905	0.180375	0.18425	0.1845	0.158875	0.289	0.153	0.2015	0.027	0.010375	0.0785
1045	0.204	0.21925	0.173	0.1925	0.181375	0.18525	0.187	0.159375	0.2905	0.154	0.203	0.0295	0.010375	0.0805
1050	0.206	0.22125	0.174	0.1935	0.182375	0.18575	0.1905	0.160375	0.292	0.155	0.205	0.032	0.010875	0.0835
1055	0.208	0.22225	0.175	0.1945	0.183875	0.18675	0.1925	0.162375	0.293	0.1565	0.207	0.035	0.010875	0.0865
1060	0.209	0.22425	0.176	0.1955	0.185375	0.18825	0.196	0.163375	0.294	0.1575	0.209	0.0375	0.011875	0.0885
1065	0.211	0.22575	0.177	0.1965	0.186875	0.18975	0.1985	0.164375	0.295	0.159	0.2105	0.0405	0.011875	0.092
1070	0.212	0.22725	0.178	0.1975	0.187875	0.19025	0.201	0.165375	0.2965	0.16	0.2125	0.043	0.012375	0.095
1075	0.213	0.22875	0.179	0.199	0.189375	0.19175	0.204	0.166875	0.2985	0.162	0.2145	0.0455	0.013375	0.098
1080	0.215	0.23125	0.18	0.2	0.190875	0.19325	0.2075	0.168375	0.2995	0.1635	0.216	0.0485	0.013875	0.1015
1085	0.216	0.23125	0.1805	0.2005	0.191875	0.19325	0.21	0.169375	0.301	0.1645	0.2175	0.0515	0.014875	0.104
1090	0.218	0.23375	0.182	0.2025	0.193875	0.19475	0.2135	0.172375	0.3025	0.1665	0.22	0.055	0.015875	0.1075
1095	0.219	0.23475	0.183	0.203	0.194875	0.19575	0.2155	0.173875	0.3025	0.168	0.221	0.0575	0.016875	0.1105
1100	0.22	0.23575	0.1835	0.204	0.195875	0.19675	0.2175	0.175375	0.3035	0.1695	0.223	0.061	0.018375	0.1135
1105	0.222	0.23775	0.185	0.2055	0.197375	0.19825	0.2205	0.176375	0.305	0.1715	0.225	0.064	0.019875	0.116
1110	0.223	0.23825	0.1855	0.2055	0.198375	0.19825	0.2225	0.177375	0.306	0.1725	0.226	0.067	0.020875	0.119
1115	0.224	0.24025	0.1865	0.2065	0.199375	0.19925	0.2245	0.178375	0.306	0.1735	0.228	0.0705	0.022375	0.122
1120	0.2255	0.24125	0.187	0.2075	0.200875	0.20075	0.227	0.180875	0.307	0.1755	0.2295	0.0735	0.024875	0.124
1125	0.227	0.24275	0.188	0.2085	0.201875	0.20175	0.229	0.181875	0.308	0.177	0.231	0.0775	0.026875	0.1265
1130	0.228	0.24375	0.189	0.21	0.203375	0.20225	0.232	0.183875	0.3095	0.1785	0.233	0.0815	0.029375	0.1295
1135	0.229	0.24475	0.19	0.2105	0.204375	0.20375	0.235	0.185375	0.3095	0.18	0.2345	0.0855	0.031375	0.132
1140	0.231	0.24675	0.191	0.2125	0.206375	0.20475	0.2375	0.187375	0.311	0.182	0.2365	0.089	0.033875	0.1355
1145	0.2315	0.24775	0.1915	0.2125	0.207375	0.20575	0.239	0.188375	0.311	0.183	0.2375	0.092	0.035875	0.1375
1150	0.233	0.24975	0.193	0.2145	0.208375	0.20675	0.2425	0.190875	0.3125	0.1845	0.2395	0.0965	0.038375	0.1405
1155	0.2335	0.25025	0.1935	0.2145	0.209375	0.20725	0.243	0.191375	0.312	0.1855	0.2405	0.1	0.040375	0.142
1160	0.2345	0.25125	0.194	0.2155	0.210375	0.20825	0.245	0.193375	0.313	0.1865	0.2415	0.1035	0.043375	0.144
1165	0.236	0.25225	0.195	0.2165	0.211375	0.20875	0.247	0.193875	0.313	0.1875	0.243	0.1075	0.044875	0.1465
1170	0.237	0.25375	0.196	0.2175	0.212375	0.20975	0.249	0.195875	0.3135	0.189	0.245	0.1115	0.047375	0.148
1175	0.2375	0.25475	0.1965	0.2185	0.213375	0.21025	0.2505	0.197375	0.314	0.19	0.2455	0.115	0.049875	0.15
1180	0.2385	0.25475	0.197	0.219	0.214375	0.21075	0.251	0.198375	0.3145	0.191	0.246	0.1185	0.051875	0.151
1185	0.2395	0.25675	0.198	0.2205	0.215375	0.21225	0.2535	0.200875	0.3145	0.1925	0.248	0.122	0.053875	0.153
1190	0.2405	0.25675	0.199	0.2205	0.216375	0.21225	0.255	0.201375	0.315	0.1935	0.2485	0.126	0.055875	0.155
1195	0.2415	0.25775	0.1995	0.2215	0.217375	0.21275	0.2555	0.202375	0.315	0.1945	0.25	0.1295	0.057375	0.156
1200	0.243	0.25925	0.2	0.223	0.218375	0.21425	0.2585	0.204375	0.3155	0.1965	0.2515	0.1335	0.059875	0.1585
1205	0.244	0.26025	0.201	0.2235	0.219375	0.21475	0.2605	0.205875	0.316	0.1975	0.2525	0.137	0.061375	0.161
1210	0.2445	0.26125	0.202	0.2245	0.220375	0.21625	0.262	0.206875	0.316	0.1985	0.2535	0.14	0.062875	0.1625
1215	0.2455	0.26175	0.203	0.2255	0.221375	0.21625	0.264	0.207875	0.3165	0.1995	0.255	0.143	0.064875	0.164
1220	0.2475	0.26325	0.204	0.2265	0.222375	0.21725	0.2655	0.208875	0.317	0.201	0.2565	0.147	0.066875	0.165
1225	0.2485	0.26425	0.205	0.2275	0.223875	0.21775	0.2675	0.211375	0.3175	0.2025	0.2575	0.15	0.068375	0.1675
1230	0.2485	0.26425	0.205	0.228	0.223875	0.21825	0.267	0.211875	0.317	0.203	0.258	0.153	0.070375	0.168
1235	0.2495	0.26425	0.206	0.2285	0.224875	0.21925	0.268	0.213375	0.3175	0.204	0.259	0.156	0.071875	0.17
1240	0.25	0.26525	0.207	0.229	0.225875	0.21975	0.2685	0.214875	0.317	0.205	0.2595	0.1585	0.073875	0.172
1245	0.2505	0.26625	0.207	0.23	0.226375	0.22025	0.2695	0.216375	0.317	0.206	0.2605	0.1615	0.075875	0.173
1250	0.251	0.26625	0.208	0.2305	0.226875	0.22075	0.27	0.216875	0.316	0.2065	0.2615	0.164	0.077875	0.174
1255	0.253	0.26825	0.209	0.2315	0.227875	0.22225	0.273	0.218375	0.317	0.208	0.263	0.166	0.080375	0.1765
1260	0.253	0.26825	0.209	0.2315	0.228375	0.22275	0.273	0.218875	0.317	0.209	0.263	0.169	0.082875	0.177
1265	0.255	0.27025	0.211	0.2335	0.229875	0.22375	0.277	0.220375	0.318	0.2105	0.265	0.171	0.085375	0.179
1270	0.256	0.27125	0.2115	0.2335	0.230875	0.22425	0.2775	0.222375	0.318	0.2115	0.265	0.1735	0.088375	0.1815
1275	0.256	0.27125	0.212	0.2345	0.231875	0.22475	0.279	0.222875	0.318	0.2125	0.2665	0.1755	0.090875	0.182
1280	0.258	0.27375	0.2135	0.2365	0.232875	0.22575	0.2825	0.225375	0.3195	0.2145	0.2685	0.1785	0.093875	0.1845
1285	0.2595	0.27475	0.214	0.2375	0.234375	0.22675	0.2845	0.226875	0.32	0.2155	0.2695	0.1805	0.096375	0.1865
1290	0.2595	0.27475	0.215	0.2375	0.234375	0.22725	0.284	0.227375	0.3195	0.2155	0.2695	0.183	0.098875	0.188
1295	0.2605	0.27575	0.2155	0.2375	0.235375	0.22775	0.2855	0.228375	0.32	0.217	0.271	0.185	0.101875	0.1895
1300	0.2615	0.27775	0.217	0.2395	0.237375	0.22875	0.288	0.230375	0.321	0.218	0.2725	0.187	0.105875	0.192
1305	0.2625	0.27775	0.217	0.2405	0.237875	0.22975	0.289	0.231875	0.3215	0.2195	0.2735	0.1895	0.108875	0.1935
1310	0.2635	0.27875	0.2185	0.2415	0.238875	0.23025	0.291	0.233375	0.3215	0.2205	0.275	0.192	0.111875	0.195
1315	0.265	0.27975	0.219	0.242	0.239375	0.23075	0.2925	0.233875	0.3215	0.2215	0.276	0.1935	0.114375	0.1975
1320	0.266	0.28175	0.22	0.243	0.240875	0.23225	0.295	0.235375	0.3225	0.2225	0.277	0.1965	0.117375	0.1995
1325	0.266	0.28175	0.221	0.243	0.241375	0.23225	0.2955	0.236375	0.322	0.2235	0.278	0.199	0.120875	0.201
1330	0.267	0.28275	0.221	0.244	0.242375	0.23325	0.297	0.237375	0.3225	0.2245	0.279	0.2005	0.123375	0.2025
1335	0.268	0.28275	0.222	0.245	0.243375	0.23375	0.2975	0.237375	0.3225	0.224	0.2795	0.2025	0.126375	0.2035
1340	0.269	0.28325	0.223	0.246	0.244375	0.23425	0.2995	0.239375	0.323	0.2255	0.281	0.2055	0.129875	0.206
1345	0.269	0.28325	0.2235	0.246	0.244375	0.23525	0.299	0.239875	0.323	0.226	0.281	0.2075	0.132375	0.207
1350	0.2705	0.28475	0.2245	0.2475	0.245375	0.23575	0.3015	0.241375	0.3235	0.2275	0.2825	0.2095	0.135375	0.2095
1355	0.2715	0.28575	0.225	0.248	0.246875	0.23675	0.3045	0.241875	0.324	0.2285	0.284	0.2125	0.138375	0.211
1360	0.272	0.28675	0.2255	0.249	0.247875	0.23725	0.304	0.242875	0.324	0.2285	0.2845	0.215	0.140875	0.2125
1365	0.2725	0.28775	0.2265	0.2495	0.248375	0.23825	0.3055	0.243375	0.3245	0.23	0.2855	0.2175	0.143875	0.215
1370	0.273	0.28725	0.2265	0.25	0.248875	0.23875	0.3055	0.243875	0.324	0.23	0.286	0.2195	0.146375	0.216
1375	0.274	0.28875	0.228	0.251	0.249875	0.23875	0.307	0.244375	0.3245	0.2305	0.287	0.221	0.149375	0.218
1380	0.275	0.28975	0.2285	0.2515	0.250875	0.23975	0.308	0.245875	0.325	0.232	0.288	0.224	0.151875	0.2195
1385	0.2765	0.29175	0.2305	0.2535	0.251875	0.24125	0.312	0.247875	0.326	0.234	0.29	0.227	0.155375	0.2225
1390	0.277	0.29075	0.23	0.254	0.252875	0.24175	0.312	0.246875	0.326	0.234	0.2905	0.2285	0.157375	0.2235
1395	0.279	0.29275	0.231	0.255	0.253875	0.24225	0.314	0.248875	0.327	0.2355	0.2925	0.232	0.160375	0.2255
1400	0.28	0.29325	0.232	0.2555	0.254375	0.24325	0.3155	0.250375	0.327	0.2365	0.2935	0.2345	0.163375	0.228
1405	0.28	0.29375	0.233	0.256	0.255375	0.24375	0.316	0.250875	0.327	0.237	0.2935	0.236	0.165875	0.229
1410	0.2815	0.29525	0.234	0.257	0.256375	0.24475	0.3175	0.251875	0.328	0.238	0.2955	0.2385	0.168375	0.2305
1415	0.2825	0.29675	0.2345	0.258	0.257875	0.24525	0.319	0.252875	0.3285	0.239	0.296	0.241	0.171875	0.2335
1420	0.282	0.29575	0.2345	0.2585	0.257875	0.24575	0.318	0.252875	0.328	0.2385	0.296	0.242	0.172875	0.234
1425	0.2835	0.29725	0.236	0.26	0.259375	0.24675	0.3205	0.253875	0.329	0.2405	0.298	0.2445	0.175375	0.2365
1430	0.284	0.29725	0.237	0.2605	0.259875	0.24725	0.3205	0.254875	0.329	0.241	0.299	0.246	0.177375	0.238
1435	0.286	0.29925	0.2375	0.261	0.260875	0.24825	0.322	0.255875	0.3295	0.242	0.301	0.2485	0.179875	0.24
1440	0.287	0.30025	0.2385	0.262	0.261875	0.24925	0.3235	0.256375	0.3305	0.243	0.3025	0.2515	0.181875	0.242
1445	0.287	0.30025	0.239	0.263	0.262875	0.24975	0.323	0.256875	0.33	0.244	0.303	0.2535	0.183875	0.2435
1450	0.288	0.30125	0.2405	0.264	0.263875	0.25025	0.323	0.258375	0.3305	0.244	0.3035	0.255	0.185875	0.246
1455	0.289	0.30225	0.241	0.265	0.264875	0.25125	0.325	0.259375	0.331	0.2455	0.305	0.2575	0.187875	0.2475
1460	0.29	0.30275	0.2415	0.266	0.265375	0.25225	0.3255	0.259875	0.332	0.246	0.306	0.26	0.188875	0.249
1465	0.2905	0.30275	0.2425	0.266	0.265875	0.25275	0.326	0.259875	0.3315	0.2465	0.307	0.2615	0.190875	0.25
1470	0.2915	0.30425	0.2435	0.267	0.266875	0.25325	0.3265	0.260875	0.332	0.2475	0.307	0.2645	0.192375	0.252
1475	0.2915	0.30325	0.2435	0.267	0.266875	0.25375	0.3255	0.260375	0.3315	0.247	0.3075	0.2655	0.193375	0.2535
1480	0.2925	0.30425	0.2445	0.268	0.268375	0.25425	0.3265	0.261375	0.332	0.248	0.3085	0.2675	0.195375	0.2555
1485	0.2945	0.30575	0.245	0.269	0.269375	0.25525	0.3285	0.262375	0.333	0.249	0.3105	0.2695	0.196875	0.257
1490	0.2945	0.30625	0.246	0.27	0.269875	0.25625	0.3285	0.262375	0.333	0.2495	0.3115	0.271	0.197875	0.2585
1495	0.296	0.30775	0.247	0.2715	0.271375	0.25725	0.3305	0.263875	0.3335	0.2505	0.3125	0.2735	0.199875	0.261
1500	0.2975	0.30925	0.248	0.2725	0.272375	0.25825	0.331	0.264875	0.3345	0.2515	0.3145	0.276	0.201875	0.263
1505	0.2975	0.30875	0.2485	0.273	0.272375	0.25825	0.33	0.263875	0.334	0.2515	0.3145	0.277	0.202375	0.264
1510	0.2985	0.30925	0.2495	0.2735	0.273375	0.25875	0.3305	0.264375	0.3345	0.2515	0.3155	0.279	0.203375	0.2655
1515	0.2995	0.30975	0.25	0.2745	0.274375	0.25925	0.3305	0.264375	0.335	0.252	0.316	0.2805	0.204375	0.2665
1520	0.3005	0.31125	0.2505	0.275	0.275375	0.26025	0.3315	0.265375	0.3355	0.2525	0.3175	0.2825	0.205875	0.268
1525	0.3005	0.31225	0.2515	0.276	0.276375	0.26125	0.331	0.266375	0.3355	0.2535	0.318	0.284	0.207375	0.271
1530	0.3025	0.31325	0.2525	0.2775	0.277375	0.26125	0.333	0.266875	0.336	0.2545	0.32	0.2865	0.208375	0.2725
1535	0.3035	0.31525	0.2535	0.2785	0.278375	0.26275	0.334	0.268375	0.337	0.2555	0.322	0.2885	0.209875	0.2745
1540	0.3045	0.31525	0.254	0.279	0.279375	0.26325	0.3345	0.267875	0.337	0.256	0.323	0.2905	0.210875	0.2755
1545	0.3065	0.31725	0.255	0.28	0.280375	0.26425	0.336	0.269875	0.3385	0.2575	0.325	0.2935	0.212875	0.278
1550	0.307	0.31825	0.256	0.2805	0.281375	0.26475	0.3365	0.269875	0.339	0.258	0.3265	0.2955	0.213375	0.2795
1555	0.308	0.32025	0.257	0.281	0.281875	0.26575	0.3375	0.270375	0.3395	0.2595	0.328	0.298	0.214875	0.281
1560	0.3095	0.32125	0.258	0.2825	0.283375	0.26725	0.338	0.271375	0.3395	0.2595	0.3295	0.3	0.215875	0.2825
1565	0.3105	0.32225	0.259	0.2835	0.283875	0.26675	0.3385	0.271875	0.3405	0.2605	0.331	0.302	0.217375	0.2845
1570	0.312	0.32375	0.26	0.285	0.285375	0.26825	0.3395	0.273375	0.3415	0.262	0.3325	0.305	0.218375	0.287
1575	0.3135	0.32525	0.261	0.286	0.286375	0.27025	0.3405	0.273875	0.3425	0.263	0.3345	0.308	0.219875	0.2885
1580	0.3145	0.32625	0.262	0.2865	0.287375	0.27025	0.3415	0.274375	0.3425	0.2635	0.336	0.3105	0.221375	0.2895
1585	0.316	0.32775	0.263	0.288	0.288375	0.27125	0.3425	0.275375	0.3435	0.2645	0.338	0.3125	0.222375	0.292
1590	0.3175	0.32875	0.2635	0.289	0.289375	0.27225	0.3425	0.276375	0.3445	0.2655	0.3395	0.3155	0.223875	0.2935
1595	0.3175	0.32875	0.2645	0.2895	0.290375	0.27375	0.3425	0.277375	0.345	0.2665	0.3395	0.3175	0.224375	0.295
1600	0.318	0.32925	0.265	0.2905	0.291375	0.27425	0.3425	0.277375	0.345	0.2665	0.3405	0.319	0.225375	0.2965
1605	0.319	0.32925	0.266	0.2905	0.291375	0.27425	0.3415	0.277375	0.345	0.2665	0.341	0.321	0.225875	0.2975
1610	0.3195	0.33025	0.2665	0.292	0.292375	0.27575	0.3425	0.278375	0.346	0.2675	0.3425	0.3235	0.226875	0.2995
1615	0.3195	0.33025	0.267	0.2925	0.293375	0.27525	0.3415	0.278375	0.346	0.2675	0.342	0.325	0.227375	0.3005
1620	0.3205	0.33125	0.268	0.2935	0.294375	0.27725	0.3415	0.279375	0.347	0.2685	0.344	0.3275	0.228375	0.3025
1625	0.3215	0.33225	0.2695	0.2945	0.295375	0.27725	0.3425	0.279375	0.347	0.269	0.345	0.33	0.229375	0.304
1630	0.3225	0.33325	0.27	0.2945	0.295875	0.27825	0.3425	0.279875	0.3475	0.2695	0.346	0.332	0.229375	0.306
1635	0.323	0.33425	0.271	0.2955	0.296875	0.27875	0.3425	0.279875	0.348	0.27	0.347	0.3345	0.230375	0.307
1640	0.3245	0.33525	0.2715	0.2965	0.297875	0.28025	0.3435	0.280875	0.3485	0.271	0.348	0.3365	0.231375	0.308
1645	0.3255	0.33625	0.273	0.2975	0.298875	0.27975	0.344	0.280875	0.349	0.2715	0.3495	0.339	0.232375	0.3095
1650	0.325	0.33525	0.273	0.2975	0.298875	0.28075	0.342	0.280375	0.3485	0.271	0.349	0.34	0.232375	0.31
1655	0.327	0.33825	0.2745	0.2995	0.300875	0.28225	0.345	0.282375	0.35	0.2725	0.352	0.3435	0.233875	0.312
1660	0.328	0.33925	0.275	0.3005	0.301375	0.28275	0.345	0.282375	0.3505	0.2735	0.3525	0.3455	0.234875	0.3135
1665	0.3285	0.33975	0.2755	0.301	0.301875	0.28375	0.344	0.281875	0.3505	0.2735	0.3525	0.347	0.235375	0.3145
1670	0.33	0.34125	0.277	0.3025	0.303375	0.28475	0.345	0.283375	0.3515	0.2745	0.3545	0.3505	0.236875	0.316
1675	0.33	0.34025	0.2775	0.3025	0.303875	0.28525	0.3445	0.282875	0.3515	0.2745	0.355	0.351	0.237875	0.317
1680	0.3315	0.34275	0.279	0.3045	0.305375	0.28625	0.346	0.284375	0.3525	0.276	0.3565	0.3545	0.239875	0.319
1685	0.332	0.34375	0.2795	0.305	0.305875	0.28775	0.346	0.284375	0.3525	0.277	0.357	0.3565	0.240875	0.32
1690	0.3325	0.34375	0.2805	0.3055	0.306375	0.28725	0.345	0.284875	0.353	0.277	0.3575	0.358	0.241875	0.321
1695	0.3335	0.34475	0.2815	0.3065	0.307375	0.28925	0.346	0.286375	0.354	0.278	0.3585	0.3605	0.243375	0.323
1700	0.334	0.34525	0.2815	0.3075	0.308375	0.28925	0.345	0.285875	0.354	0.278	0.359	0.362	0.243875	0.323
1705	0.334	0.34425	0.2825	0.308	0.308875	0.28975	0.3435	0.284875	0.354	0.278	0.3585	0.3625	0.244375	0.324
1710	0.335	0.34575	0.2835	0.3085	0.309875	0.29125	0.344	0.285375	0.354	0.279	0.36	0.365	0.245375	0.326
1715	0.336	0.34675	0.284	0.3095	0.310875	0.29225	0.3445	0.286875	0.355	0.28	0.361	0.3675	0.246375	0.3265
1720	0.3375	0.34875	0.285	0.311	0.312375	0.29325	0.3465	0.287875	0.3565	0.2815	0.3625	0.3705	0.248875	0.329
1725	0.3375	0.34825	0.286	0.3115	0.312875	0.29325	0.345	0.286375	0.3555	0.281	0.3625	0.371	0.248875	0.329
1730	0.339	0.35075	0.287	0.3125	0.313875	0.29475	0.3465	0.287375	0.3565	0.2825	0.364	0.374	0.249875	0.3305
1735	0.34	0.35275	0.288	0.3145	0.315875	0.29525	0.348	0.289375	0.358	0.2845	0.3665	0.3775	0.251875	0.333
1740	0.3415	0.35425	0.289	0.315	0.316875	0.29675	0.349	0.289875	0.359	0.285	0.3675	0.38	0.253375	0.3335
1745	0.3415	0.35375	0.29	0.315	0.316875	0.29725	0.3475	0.288875	0.359	0.2845	0.3675	0.381	0.254375	0.3345
1750	0.3425	0.35475	0.291	0.3165	0.317875	0.29825	0.3485	0.289375	0.3595	0.2855	0.3685	0.3825	0.256375	0.335
1755	0.3425	0.35475	0.291	0.3165	0.318875	0.29875	0.347	0.288875	0.3595	0.285	0.368	0.3835	0.257375	0.335
1760	0.343	0.35575	0.2925	0.318	0.319875	0.29925	0.347	0.288875	0.3595	0.2855	0.369	0.385	0.258375	0.337
1765	0.3445	0.35675	0.293	0.319	0.320875	0.30025	0.3475	0.289875	0.3605	0.2865	0.37	0.388	0.259375	0.3375
1770	0.3455	0.35775	0.2945	0.3195	0.321875	0.30125	0.348	0.290375	0.361	0.288	0.371	0.39	0.260875	0.3385
1775	0.3455	0.35725	0.2955	0.3205	0.322375	0.30175	0.3465	0.289875	0.361	0.2875	0.3715	0.3905	0.261875	0.3395
1780	0.347	0.35875	0.296	0.321	0.323875	0.30325	0.3475	0.290875	0.362	0.2885	0.3725	0.393	0.262875	0.341
1785	0.347	0.35925	0.297	0.3225	0.324375	0.30375	0.347	0.290875	0.3625	0.289	0.3725	0.3945	0.263375	0.342
1790	0.3475	0.35925	0.298	0.3235	0.324875	0.30475	0.347	0.290875	0.3625	0.2895	0.3725	0.396	0.264375	0.3425
1795	0.348	0.35925	0.2985	0.324	0.325875	0.30475	0.346	0.290375	0.363	0.2895	0.373	0.3965	0.265875	0.343
1800	0.35	0.36125	0.2995	0.325	0.327375	0.30625	0.348	0.292375	0.3635	0.291	0.3745	0.4	0.267875	0.345
1805	0.35	0.36125	0.3005	0.326	0.328375	0.30725	0.348	0.292375	0.3645	0.2915	0.3755	0.4015	0.269375	0.3465
1810	0.352	0.36325	0.3015	0.3275	0.329875	0.30775	0.3495	0.293375	0.365	0.2925	0.3775	0.405	0.271375	0.348
1815	0.352	0.36275	0.302	0.328	0.329375	0.30875	0.3475	0.292375	0.365	0.2925	0.377	0.405	0.271875	0.3485
1820	0.353	0.36325	0.3025	0.3285	0.330875	0.30975	0.3475	0.292375	0.365	0.2935	0.377	0.407	0.273375	0.3485
1825	0.355	0.36625	0.304	0.33	0.331875	0.31075	0.35	0.293875	0.366	0.295	0.38	0.4105	0.274375	0.3505
1830	0.355	0.36725	0.305	0.3315	0.332875	0.31175	0.3505	0.294875	0.3675	0.296	0.381	0.4125	0.275875	0.3515
1835	0.3565	0.36875	0.306	0.3325	0.334375	0.31325	0.3505	0.295875	0.368	0.2975	0.382	0.4145	0.277375	0.3525
1840	0.357	0.36875	0.307	0.333	0.335375	0.31425	0.351	0.295875	0.3685	0.298	0.3825	0.4165	0.278875	0.3535
1845	0.3575	0.36825	0.3075	0.3335	0.335875	0.31325	0.3495	0.294375	0.369	0.297	0.382	0.4165	0.278875	0.354
1850	0.3585	0.36975	0.3085	0.335	0.336375	0.31575	0.35	0.295375	0.37	0.298	0.3835	0.4185	0.280875	0.355
1855	0.3595	0.37175	0.31	0.336	0.338375	0.31625	0.3515	0.296375	0.3705	0.2995	0.385	0.421	0.283875	0.356
1860	0.359	0.37125	0.3105	0.336	0.338875	0.31675	0.3495	0.295375	0.37	0.299	0.384	0.4205	0.284375	0.3565
1865	0.3605	0.37375	0.312	0.338	0.339875	0.31775	0.351	0.297375	0.371	0.301	0.3865	0.424	0.285375	0.359
1870	0.3615	0.37275	0.312	0.3385	0.340875	0.31825	0.351	0.296875	0.372	0.301	0.3865	0.425	0.286375	0.3585
1875	0.3625	0.37475	0.314	0.3395	0.341875	0.31975	0.352	0.297375	0.372	0.3025	0.388	0.427	0.288375	0.36
1880	0.363	0.37575	0.3145	0.341	0.342875	0.32075	0.353	0.297375	0.373	0.303	0.389	0.4285	0.289875	0.3605
1885	0.362	0.37325	0.3145	0.3395	0.342875	0.32025	0.349	0.294875	0.372	0.301	0.3865	0.427	0.288375	0.3595
1890	0.3645	0.37575	0.3165	0.3415	0.344875	0.32275	0.351	0.297875	0.3735	0.3035	0.389	0.4305	0.289875	0.362
1895	0.364	0.37575	0.317	0.343	0.344875	0.32325	0.3495	0.296875	0.3735	0.3035	0.3885	0.431	0.290375	0.3615
1900	0.365	0.37675	0.318	0.3435	0.346375	0.32425	0.351	0.298375	0.374	0.3045	0.3905	0.433	0.292375	0.364
1905	0.3645	0.37475	0.318	0.344	0.346875	0.32375	0.3485	0.296875	0.374	0.3035	0.389	0.4325	0.292375	0.3635
1910	0.367	0.37825	0.32	0.346	0.348875	0.32675	0.3515	0.299375	0.3755	0.3065	0.392	0.437	0.294375	0.366
1915	0.3675	0.37875	0.3205	0.3465	0.348875	0.32675	0.3515	0.298875	0.376	0.3065	0.3925	0.4375	0.295875	0.3665
1920	0.3675	0.37875	0.3215	0.3475	0.349875	0.32725	0.3505	0.298375	0.377	0.3065	0.392	0.438	0.296375	0.3665
1925	0.3685	0.37925	0.3225	0.3485	0.351375	0.32825	0.351	0.299375	0.377	0.3075	0.393	0.439	0.297375	0.3685
1930	0.3695	0.38075	0.323	0.3495	0.352375	0.32975	0.3525	0.300375	0.378	0.309	0.395	0.4415	0.298875	0.37
1935	0.3715	0.38325	0.324	0.3515	0.353875	0.33125	0.3545	0.301375	0.379	0.3105	0.397	0.445	0.300875	0.371
1940	0.3725	0.38425	0.326	0.3525	0.354875	0.33125	0.3545	0.301375	0.3795	0.311	0.3985	0.446	0.302375	0.372
1945	0.3735	0.38475	0.3275	0.3535	0.356375	0.33275	0.355	0.301875	0.381	0.3125	0.3995	0.448	0.303875	0.373
1950	0.3725	0.38375	0.3275	0.3545	0.356875	0.33275	0.353	0.300875	0.3805	0.3115	0.3985	0.4475	0.303875	0.373
1955	0.3735	0.38475	0.328	0.3555	0.357375	0.33475	0.353	0.301375	0.381	0.313	0.3995	0.4495	0.304875	0.374
1960	0.375	0.38625	0.33	0.356	0.358875	0.33575	0.354	0.302375	0.3815	0.3135	0.4015	0.4515	0.305875	0.375
1965	0.3755	0.38675	0.33	0.3575	0.360375	0.33675	0.3545	0.303375	0.3825	0.3145	0.402	0.452	0.306375	0.376
1970	0.376	0.38775	0.3315	0.3575	0.361375	0.33725	0.355	0.302875	0.383	0.315	0.4025	0.453	0.307375	0.3765
1975	0.377	0.38775	0.333	0.359	0.361875	0.33875	0.354	0.302375	0.3835	0.315	0.4035	0.4545	0.308375	0.3775
1980	0.376	0.38525	0.333	0.359	0.361875	0.33825	0.3505	0.300375	0.383	0.3135	0.4015	0.453	0.306875	0.376
1985	0.377	0.38675	0.334	0.36	0.363875	0.34025	0.352	0.302375	0.384	0.3155	0.4025	0.4555	0.308375	0.3775
1990	0.378	0.38775	0.335	0.3615	0.364875	0.34025	0.353	0.302875	0.3845	0.317	0.4045	0.4575	0.309375	0.3785
1995	0.3775	0.38675	0.336	0.3615	0.364875	0.34175	0.3505	0.302375	0.3845	0.316	0.403	0.4565	0.308375	0.3785
2000	0.379	0.38825	0.3365	0.363	0.366375	0.34225	0.352	0.303375	0.3855	0.3165	0.405	0.4585	0.309875	0.38
2005	0.379	0.38775	0.337	0.3635	0.366875	0.34325	0.3515	0.302875	0.386	0.317	0.4055	0.4585	0.309875	0.38
2010	0.3795	0.38825	0.3385	0.3645	0.367875	0.34425	0.3505	0.302375	0.3855	0.3175	0.4055	0.4585	0.308875	0.3805
2015	0.3805	0.39025	0.3395	0.3665	0.368875	0.34525	0.3525	0.303875	0.3865	0.318	0.407	0.461	0.309375	0.382
2020	0.38	0.38875	0.34	0.3665	0.369375	0.34575	0.35	0.302875	0.387	0.3175	0.4065	0.46	0.309375	0.382
2025	0.3825	0.39175	0.342	0.3685	0.370875	0.34675	0.353	0.304875	0.388	0.32	0.4095	0.4645	0.311375	0.3845
2030	0.383	0.39225	0.343	0.3695	0.371875	0.34775	0.3535	0.305375	0.3885	0.3205	0.41	0.4655	0.312375	0.385
2035	0.3845	0.39325	0.344	0.37	0.373375	0.34925	0.3545	0.305875	0.3885	0.3215	0.412	0.4665	0.314375	0.3865
2040	0.3855	0.39475	0.345	0.371	0.374375	0.35025	0.3555	0.306875	0.39	0.3225	0.413	0.468	0.315875	0.387
2045	0.384	0.39225	0.345	0.3715	0.374875	0.35075	0.3515	0.304375	0.3895	0.321	0.4115	0.4655	0.314375	0.387
2050	0.386	0.39475	0.347	0.373	0.376375	0.35225	0.3545	0.305875	0.39	0.323	0.414	0.469	0.315875	0.3885
2055	0.3865	0.39575	0.348	0.374	0.377375	0.35375	0.355	0.306875	0.391	0.324	0.415	0.47	0.316875	0.3895
2060	0.3875	0.39675	0.3485	0.375	0.378875	0.35425	0.3545	0.306875	0.3915	0.324	0.4155	0.471	0.317375	0.3895
2065	0.388	0.39675	0.3495	0.376	0.379875	0.35575	0.3545	0.306875	0.3915	0.3245	0.4165	0.472	0.318875	0.3905
2070	0.388	0.39725	0.3505	0.377	0.380875	0.35725	0.3545	0.307375	0.3925	0.325	0.4165	0.4725	0.319375	0.3905
2075	0.39	0.39925	0.352	0.3775	0.382375	0.35675	0.3565	0.307875	0.3925	0.326	0.419	0.474	0.321375	0.3925
2080	0.3905	0.40025	0.3535	0.379	0.382875	0.35875	0.3565	0.308375	0.3935	0.327	0.4195	0.475	0.322375	0.393
2085	0.3915	0.40075	0.3545	0.38	0.384375	0.35975	0.3565	0.308875	0.394	0.3275	0.4205	0.476	0.323875	0.3935
2090	0.3915	0.40075	0.3555	0.381	0.384875	0.36025	0.355	0.308875	0.3945	0.3275	0.421	0.476	0.324375	0.394
2095	0.393	0.40125	0.3565	0.3815	0.386375	0.36125	0.356	0.309875	0.3955	0.329	0.4215	0.4775	0.325375	0.3945
2100	0.392	0.39975	0.356	0.382	0.385875	0.36125	0.353	0.307375	0.395	0.3275	0.4205	0.4755	0.324375	0.3935
2105	0.3935	0.40025	0.357	0.3835	0.387375	0.36275	0.354	0.308875	0.3955	0.329	0.4215	0.477	0.325375	0.395
2110	0.3935	0.39975	0.358	0.3835	0.388375	0.36275	0.353	0.308875	0.396	0.329	0.4215	0.4775	0.325875	0.3955
2115	0.393	0.40025	0.359	0.385	0.389375	0.36375	0.353	0.308375	0.3965	0.3295	0.4215	0.4775	0.325875	0.3965
2120	0.3955	0.40325	0.3605	0.387	0.390875	0.36625	0.3555	0.310875	0.3975	0.3315	0.424	0.481	0.327875	0.3985
2125	0.3955	0.40325	0.361	0.3875	0.391375	0.36625	0.355	0.310875	0.3985	0.332	0.4245	0.481	0.328875	0.4
2130	0.396	0.40325	0.362	0.3885	0.392875	0.36775	0.355	0.310375	0.3985	0.3325	0.4255	0.4815	0.330375	0.401
2135	0.397	0.40475	0.3635	0.39	0.393875	0.36825	0.3555	0.311875	0.3995	0.334	0.427	0.4825	0.330875	0.402
2140	0.397	0.40425	0.364	0.39	0.394875	0.36925	0.3555	0.310875	0.4	0.3335	0.427	0.4825	0.330875	0.4025
2145	0.398	0.40525	0.365	0.3915	0.395875	0.37025	0.355	0.311375	0.4005	0.334	0.4275	0.483	0.332375	0.403
2150	0.399	0.40775	0.366	0.3925	0.397375	0.37225	0.3585	0.313375	0.4015	0.3365	0.43	0.4855	0.334875	0.4055
2155	0.399	0.40675	0.3665	0.3925	0.397875	0.37225	0.356	0.312875	0.4015	0.3355	0.4295	0.4845	0.334375	0.405
2160	0.4	0.40725	0.3675	0.394	0.398875	0.37325	0.356	0.312375	0.402	0.336	0.43	0.485	0.334875	0.406
2165	0.401	0.40775	0.369	0.395	0.399875	0.37425	0.356	0.313375	0.4025	0.3375	0.4305	0.486	0.335875	0.4065
2170	0.4005	0.40675	0.3685	0.395	0.400375	0.37475	0.3535	0.311375	0.402	0.337	0.43	0.485	0.335375	0.406
2175	0.4015	0.40825	0.37	0.3965	0.401375	0.37575	0.3545	0.312875	0.403	0.3375	0.431	0.4865	0.336375	0.407
2180	0.402	0.40925	0.3715	0.3975	0.402375	0.37675	0.3555	0.313375	0.4035	0.3385	0.432	0.488	0.337875	0.408
2185	0.4025	0.41025	0.3725	0.3985	0.403875	0.37725	0.356	0.313875	0.404	0.3395	0.434	0.489	0.339375	0.409
2190	0.4035	0.41125	0.3735	0.4	0.404875	0.37875	0.357	0.314875	0.405	0.34	0.4345	0.49	0.340375	0.4105
2195	0.404	0.41025	0.3745	0.4005	0.405875	0.37925	0.3555	0.314375	0.405	0.3405	0.4345	0.489	0.339875	0.4105
2200	0.4045	0.41025	0.375	0.401	0.406375	0.37925	0.3545	0.313875	0.406	0.3405	0.4345	0.489	0.340375	0.4105
2205	0.4045	0.41125	0.375	0.402	0.407375	0.38075	0.355	0.314375	0.406	0.3415	0.435	0.4905	0.341375	0.4115
2210	0.4055	0.41175	0.376	0.4025	0.408375	0.38275	0.3555	0.315375	0.407	0.3425	0.4355	0.492	0.341875	0.412
2215	0.4055	0.41125	0.3775	0.403	0.408875	0.38225	0.354	0.314375	0.4065	0.3425	0.436	0.4915	0.341875	0.412
2220	0.4065	0.41275	0.3785	0.404	0.410375	0.38275	0.3545	0.315375	0.4075	0.343	0.437	0.492	0.342875	0.4135
2225	0.407	0.41275	0.3795	0.405	0.410875	0.38475	0.354	0.314375	0.408	0.3435	0.437	0.4925	0.343375	0.4135
2230	0.407	0.41375	0.3805	0.406	0.411875	0.38425	0.3545	0.315375	0.408	0.3435	0.438	0.493	0.344375	0.414
2235	0.408	0.41375	0.3805	0.407	0.413375	0.38525	0.354	0.315375	0.4085	0.3445	0.4385	0.4925	0.344375	0.4145
2240	0.409	0.41575	0.3815	0.408	0.414875	0.38775	0.356	0.316375	0.409	0.3455	0.4405	0.4945	0.345875	0.416
2245	0.41	0.41775	0.3835	0.4095	0.416375	0.38775	0.358	0.317875	0.409	0.347	0.4425	0.4965	0.347875	0.418
2250	0.4105	0.41775	0.383	0.4095	0.416875	0.38875	0.357	0.317375	0.41	0.3465	0.4425	0.497	0.348875	0.4185
2255	0.4115	0.41925	0.3845	0.411	0.418375	0.39025	0.3575	0.318875	0.411	0.3485	0.444	0.4985	0.349375	0.42
2260	0.412	0.41925	0.386	0.412	0.418375	0.39075	0.357	0.318375	0.411	0.349	0.4445	0.4985	0.349875	0.42
2265	0.412	0.41775	0.386	0.412	0.419375	0.39125	0.354	0.316375	0.411	0.3475	0.443	0.4965	0.349375	0.4185
2270	0.4115	0.41775	0.387	0.4135	0.419875	0.39175	0.353	0.316375	0.412	0.348	0.4425	0.496	0.348875	0.4185
2275	0.413	0.41925	0.388	0.414	0.421375	0.39225	0.3545	0.317875	0.4125	0.3495	0.4445	0.4975	0.349875	0.4195
2280	0.414	0.42175	0.3885	0.4155	0.422375	0.39475	0.3565	0.320375	0.413	0.351	0.447	0.5005	0.351875	0.4215
2285	0.415	0.42225	0.39	0.416	0.423875	0.39525	0.357	0.320375	0.4135	0.3515	0.4475	0.501	0.353375	0.423
2290	0.415	0.42225	0.391	0.4175	0.424375	0.39625	0.357	0.320875	0.4135	0.352	0.448	0.5015	0.353875	0.424
2295	0.416	0.42225	0.391	0.418	0.425375	0.39625	0.3555	0.319875	0.4145	0.3515	0.448	0.5015	0.353375	0.424
2300	0.417	0.42375	0.393	0.4195	0.426875	0.39775	0.3575	0.321375	0.4145	0.353	0.4505	0.5025	0.355875	0.4255
2305	0.4175	0.42475	0.3935	0.4205	0.427875	0.39825	0.358	0.321875	0.415	0.353	0.451	0.5035	0.356375	0.425
2310	0.417	0.42425	0.3945	0.4205	0.428375	0.39925	0.357	0.320875	0.4155	0.353	0.451	0.5025	0.356875	0.4245
2315	0.418	0.42475	0.395	0.421	0.429375	0.40025	0.3565	0.321375	0.416	0.354	0.4515	0.5025	0.356375	0.4245
2320	0.418	0.42425	0.395	0.4215	0.429875	0.40175	0.3545	0.320875	0.4165	0.3535	0.4515	0.502	0.356375	0.4245
2325	0.4195	0.42625	0.3965	0.423	0.431375	0.40275	0.3565	0.321875	0.417	0.3555	0.453	0.5045	0.357875	0.425
2330	0.42	0.42625	0.397	0.4235	0.432375	0.40325	0.3555	0.321875	0.417	0.3555	0.453	0.504	0.357875	0.4245
2335	0.4195	0.42525	0.397	0.4245	0.432875	0.40325	0.353	0.320375	0.4175	0.355	0.452	0.5025	0.357375	0.4245
2340	0.42	0.42525	0.398	0.425	0.433375	0.40375	0.3525	0.320875	0.4175	0.3545	0.4525	0.502	0.356875	0.4245
2345	0.421	0.42775	0.4	0.4265	0.435375	0.40475	0.355	0.322875	0.419	0.356	0.4545	0.5045	0.358875	0.4265
2350	0.421	0.42675	0.4	0.427	0.434875	0.40575	0.352	0.320875	0.418	0.3555	0.4535	0.502	0.358875	0.4255
2355	0.4215	0.42725	0.4005	0.428	0.436875	0.40675	0.353	0.321375	0.4185	0.356	0.455	0.503	0.358875	0.4255
2360	0.4225	0.42825	0.4005	0.429	0.437875	0.40725	0.354	0.322875	0.4195	0.3575	0.456	0.5045	0.360375	0.4265
2365	0.4235	0.42975	0.402	0.43	0.438875	0.40825	0.3545	0.323875	0.42	0.3585	0.457	0.506	0.361375	0.4285
2370	0.424	0.43075	0.4025	0.4305	0.439875	0.40975	0.355	0.323875	0.4205	0.359	0.458	0.507	0.362875	0.4295
2375	0.424	0.43125	0.403	0.431	0.440875	0.40925	0.3545	0.323875	0.4205	0.3595	0.4585	0.5065	0.362375	0.43
2380	0.4255	0.43275	0.404	0.4325	0.442375	0.41125	0.356	0.325375	0.4215	0.36	0.46	0.5085	0.363875	0.431
2385	0.426	0.43275	0.4045	0.4335	0.442875	0.41175	0.3555	0.325375	0.421	0.3605	0.461	0.5085	0.364875	0.432
2390	0.426	0.43275	0.405	0.434	0.443875	0.41325	0.354	0.325375	0.422	0.3615	0.46	0.508	0.364875	0.4325
2395	0.4275	0.43475	0.4065	0.435	0.445375	0.41325	0.3565	0.326875	0.4235	0.363	0.462	0.5105	0.366375	0.434
2400	0.4275	0.43375	0.4065	0.4355	0.445875	0.41325	0.354	0.325875	0.4225	0.362	0.4615	0.509	0.365875	0.4335
2405	0.4285	0.43525	0.4075	0.437	0.447375	0.41425	0.356	0.327375	0.4235	0.364	0.464	0.511	0.368375	0.436
2410	0.43	0.43725	0.409	0.4385	0.448375	0.41675	0.3585	0.329375	0.4235	0.3655	0.4665	0.5135	0.370875	0.4375
2415	0.43	0.43675	0.409	0.4385	0.448875	0.41625	0.356	0.327875	0.424	0.3645	0.4655	0.512	0.369875	0.4375
2420	0.431	0.43875	0.41	0.44	0.450375	0.41725	0.358	0.329375	0.4245	0.367	0.4675	0.5135	0.371375	0.4385
2425	0.432	0.43925	0.4105	0.4415	0.451375	0.41775	0.358	0.330375	0.425	0.367	0.468	0.514	0.372875	0.439
2430	0.4325	0.44075	0.411	0.4415	0.452375	0.41875	0.3585	0.331375	0.426	0.369	0.4695	0.5155	0.374375	0.44
2435	0.433	0.44025	0.4115	0.442	0.452375	0.41925	0.3565	0.329875	0.426	0.368	0.468	0.5145	0.373375	0.44
2440	0.4335	0.44175	0.4115	0.4425	0.453875	0.42025	0.358	0.330875	0.426	0.369	0.47	0.516	0.373875	0.4415
2445	0.4335	0.44025	0.412	0.443	0.453875	0.42025	0.355	0.329875	0.426	0.3685	0.468	0.5145	0.374375	0.4405
2450	0.434	0.44075	0.4125	0.444	0.454875	0.42175	0.3555	0.330375	0.4265	0.3695	0.4685	0.515	0.374875	0.441
2455	0.4345	0.44275	0.413	0.4455	0.455875	0.42275	0.3565	0.331375	0.427	0.3705	0.47	0.516	0.375375	0.4425
2460	0.4355	0.44325	0.414	0.446	0.456875	0.42225	0.3565	0.331375	0.4275	0.372	0.471	0.5165	0.376875	0.4425
2465	0.4355	0.44275	0.414	0.446	0.457375	0.42275	0.3535	0.330375	0.428	0.3715	0.47	0.516	0.376875	0.4425
2470	0.4365	0.44425	0.414	0.448	0.458875	0.42375	0.3555	0.331875	0.428	0.3725	0.4715	0.518	0.377875	0.4435
2475	0.4365	0.44525	0.4155	0.448	0.459875	0.42525	0.355	0.332875	0.429	0.3735	0.472	0.518	0.377875	0.444
2480	0.4375	0.44525	0.4155	0.4485	0.460375	0.42525	0.3555	0.332375	0.429	0.3735	0.473	0.5195	0.379875	0.445
2485	0.4375	0.44475	0.415	0.449	0.460375	0.42575	0.353	0.331375	0.429	0.373	0.4725	0.518	0.379375	0.4455
2490	0.4385	0.44725	0.416	0.45	0.461375	0.42625	0.356	0.333375	0.4295	0.375	0.4745	0.5205	0.380375	0.447
2495	0.439	0.44775	0.417	0.45	0.462375	0.42625	0.356	0.334375	0.4305	0.376	0.4755	0.5205	0.381875	0.448
2500	0.44	0.44825	0.417	0.4505	0.463375	0.42725	0.3555	0.334875	0.4315	0.3755	0.476	0.5215	0.382875	0.45
2505	0.4405	0.44925	0.4175	0.452	0.463375	0.42775	0.3555	0.334875	0.431	0.3765	0.477	0.5225	0.383375	0.4505
2510	0.4415	0.44925	0.418	0.453	0.464875	0.42775	0.355	0.334875	0.432	0.377	0.477	0.5225	0.383875	0.451
2515	0.4415	0.44975	0.4185	0.4535	0.464875	0.43025	0.355	0.335875	0.432	0.378	0.4775	0.523	0.384875	0.4515
2520	0.442	0.45075	0.4195	0.4535	0.465875	0.43075	0.3555	0.336375	0.432	0.3785	0.478	0.5235	0.385375	0.4525
2525	0.4415	0.44825	0.418	0.453	0.465375	0.42875	0.3485	0.332375	0.432	0.3765	0.4745	0.5195	0.382375	0.45
2530	0.4415	0.44825	0.418	0.453	0.465375	0.42825	0.347	0.331875	0.4325	0.3765	0.473	0.518	0.381875	0.449
2535	0.442	0.44925	0.4185	0.453	0.466375	0.42975	0.347	0.332375	0.4325	0.377	0.4735	0.519	0.382875	0.449
2540	0.443	0.45025	0.4185	0.454	0.466875	0.43025	0.349	0.333375	0.4335	0.378	0.476	0.52	0.383875	0.4505
2545	0.443	0.45025	0.419	0.454	0.467875	0.43075	0.3465	0.333375	0.433	0.3775	0.476	0.519	0.383875	0.4505
2550	0.444	0.45125	0.4195	0.4555	0.468375	0.43125	0.347	0.333875	0.434	0.379	0.477	0.5205	0.384875	0.4515
2555	0.444	0.45225	0.4195	0.4555	0.468875	0.43075	0.348	0.334375	0.4345	0.379	0.4785	0.521	0.385875	0.4525
2560	0.444	0.45175	0.419	0.455	0.468875	0.43175	0.3445	0.332875	0.4345	0.3785	0.4775	0.519	0.384875	0.452
2565	0.445	0.45275	0.421	0.4565	0.469875	0.43225	0.346	0.334375	0.434	0.3795	0.4795	0.5205	0.386875	0.4535
2570	0.446	0.45425	0.4215	0.4565	0.470875	0.43325	0.347	0.335875	0.4345	0.3805	0.4815	0.5225	0.388375	0.4555
2575	0.446	0.45275	0.421	0.4555	0.470375	0.43325	0.3435	0.334375	0.435	0.3805	0.48	0.5205	0.386375	0.4545
2580	0.446	0.45425	0.4215	0.4565	0.471375	0.43325	0.344	0.334875	0.4355	0.3815	0.481	0.5215	0.387375	0.4555
2585	0.447	0.45425	0.421	0.457	0.471875	0.43425	0.3425	0.334375	0.435	0.382	0.481	0.5205	0.387875	0.4555
2590	0.448	0.45525	0.4225	0.4575	0.472375	0.43425	0.344	0.335375	0.436	0.3835	0.4825	0.522	0.388375	0.4565
2595	0.448	0.45525	0.4225	0.4575	0.472375	0.43475	0.3425	0.334875	0.436	0.384	0.482	0.5215	0.388875	0.4565
2600	0.448	0.45625	0.423	0.458	0.473375	0.43475	0.3415	0.334875	0.437	0.385	0.482	0.5215	0.389375	0.4565
2605	0.448	0.45575	0.423	0.458	0.473375	0.43425	0.3395	0.333875	0.437	0.3855	0.4815	0.521	0.388875	0.4565
2610	0.449	0.45625	0.423	0.4585	0.473875	0.43575	0.3395	0.334375	0.4375	0.387	0.483	0.5225	0.388875	0.458
2615	0.4485	0.45575	0.423	0.458	0.473375	0.43475	0.337	0.332875	0.438	0.386	0.482	0.52	0.388875	0.4575
2620	0.45	0.45725	0.4235	0.459	0.474375	0.43675	0.338	0.334375	0.438	0.388	0.484	0.5205	0.390375	0.4595
2625	0.451	0.45825	0.4235	0.4595	0.475875	0.43625	0.34	0.336375	0.438	0.389	0.4865	0.5215	0.391375	0.462
2630	0.452	0.45925	0.425	0.4615	0.475875	0.43675	0.3395	0.337375	0.4395	0.3905	0.487	0.522	0.392875	0.4635
2635	0.452	0.45925	0.425	0.461	0.475875	0.43725	0.3395	0.337875	0.4395	0.3915	0.4885	0.522	0.393375	0.465
2640	0.452	0.45975	0.425	0.46	0.475875	0.43725	0.337	0.335875	0.439	0.3915	0.4875	0.5215	0.391875	0.4645
2645	0.4525	0.45975	0.4255	0.461	0.476375	0.43725	0.3355	0.335875	0.4395	0.3915	0.4875	0.5215	0.393375	0.4645
2650	0.453	0.46025	0.426	0.4615	0.476875	0.43775	0.3365	0.337375	0.44	0.393	0.489	0.5225	0.394375	0.466
2655	0.454	0.46125	0.4265	0.462	0.477875	0.43875	0.3365	0.337375	0.44	0.3935	0.4895	0.5235	0.393875	0.466
2660	0.454	0.46275	0.427	0.462	0.477875	0.43925	0.337	0.338875	0.441	0.395	0.4915	0.5255	0.395875	0.4675
2665	0.456	0.46525	0.428	0.4635	0.479375	0.43975	0.341	0.342375	0.442	0.3975	0.495	0.5295	0.399875	0.4705
2670	0.456	0.46475	0.4285	0.464	0.479375	0.44025	0.3385	0.341375	0.4415	0.398	0.4955	0.5285	0.399375	0.47
2675	0.4575	0.46575	0.4285	0.465	0.480375	0.44075	0.34	0.343375	0.4425	0.4	0.4985	0.5305	0.399875	0.4705
2680	0.458	0.46575	0.429	0.465	0.480375	0.44075	0.3385	0.343375	0.443	0.4005	0.5005	0.5305	0.400875	0.4705
2685	0.4565	0.46475	0.4285	0.464	0.479875	0.44025	0.333	0.339875	0.4435	0.399	0.4985	0.5285	0.399375	0.468
2690	0.4575	0.46625	0.429	0.465	0.479875	0.43975	0.3335	0.340875	0.4445	0.3995	0.5005	0.5295	0.400875	0.4685
2695	0.459	0.46825	0.43	0.466	0.480875	0.44175	0.336	0.343375	0.445	0.4025	0.5035	0.5325	0.403375	0.47
2700	0.4585	0.46775	0.429	0.466	0.481375	0.44225	0.3345	0.342375	0.445	0.4025	0.5035	0.5315	0.402875	0.469
2705	0.4595	0.46775	0.4295	0.4655	0.481375	0.44125	0.3325	0.341875	0.4445	0.403	0.5035	0.5315	0.402375	0.4695
2710	0.4585	0.46725	0.43	0.465	0.480875	0.44075	0.329	0.339375	0.445	0.4025	0.5015	0.5295	0.400875	0.467
2715	0.4595	0.46775	0.4295	0.466	0.481375	0.44175	0.3295	0.341375	0.445	0.4035	0.5025	0.531	0.401375	0.468
2720	0.46	0.46825	0.4305	0.4665	0.481375	0.44125	0.3275	0.340375	0.4455	0.403	0.502	0.53	0.401375	0.4675
2725	0.4605	0.46875	0.4305	0.467	0.481875	0.44275	0.3275	0.341375	0.446	0.404	0.502	0.5315	0.401875	0.4675
2730	0.461	0.46975	0.431	0.467	0.482875	0.44275	0.328	0.342375	0.4465	0.4045	0.502	0.5325	0.402875	0.4685
2735	0.462	0.47075	0.4315	0.4675	0.482875	0.44275	0.3275	0.343375	0.447	0.405	0.5025	0.533	0.402875	0.4695
2740	0.4625	0.47075	0.432	0.468	0.483375	0.44325	0.327	0.343875	0.4465	0.406	0.5025	0.534	0.404375	0.4695
2745	0.4625	0.47175	0.4325	0.468	0.483875	0.44475	0.3265	0.344375	0.4475	0.406	0.503	0.535	0.406375	0.469
2750	0.4635	0.47225	0.4325	0.469	0.483375	0.44425	0.3265	0.344875	0.4475	0.4065	0.5045	0.535	0.405875	0.4695
2755	0.463	0.47175	0.432	0.468	0.483375	0.44375	0.3225	0.342375	0.448	0.406	0.5025	0.533	0.404375	0.468
2760	0.4635	0.47175	0.4325	0.469	0.483875	0.44425	0.3215	0.342375	0.4485	0.406	0.502	0.533	0.402875	0.4665
2765	0.464	0.47275	0.4325	0.469	0.483875	0.44425	0.3205	0.342375	0.4485	0.407	0.5025	0.5335	0.402375	0.4665
2770	0.464	0.47275	0.434	0.4695	0.483875	0.44475	0.32	0.342875	0.4485	0.408	0.5025	0.5335	0.404375	0.4665
2775	0.464	0.47275	0.4335	0.4695	0.483375	0.44475	0.3165	0.340875	0.4485	0.408	0.5005	0.531	0.403875	0.465
2780	0.465	0.47425	0.434	0.47	0.483875	0.44575	0.318	0.343375	0.4495	0.41	0.501	0.533	0.405375	0.467
2785	0.4665	0.47625	0.435	0.471	0.484875	0.44675	0.3215	0.346375	0.4495	0.413	0.503	0.536	0.408375	0.4695
2790	0.467	0.47725	0.4355	0.4715	0.485375	0.44725	0.322	0.348375	0.4495	0.415	0.5045	0.5385	0.409375	0.473
2795	0.467	0.47675	0.4355	0.472	0.484375	0.44725	0.318	0.345875	0.4495	0.4145	0.5025	0.536	0.406875	0.472
2800	0.4675	0.47775	0.436	0.472	0.485375	0.44675	0.3175	0.346875	0.451	0.416	0.503	0.5365	0.407375	0.4725
2805	0.4675	0.47675	0.4355	0.472	0.484875	0.44775	0.315	0.345875	0.4515	0.4165	0.5015	0.535	0.406375	0.4715
2810	0.4685	0.47775	0.436	0.4725	0.484875	0.44775	0.3155	0.346875	0.4505	0.418	0.5035	0.5365	0.407375	0.4715
2815	0.469	0.47825	0.436	0.4735	0.485375	0.44825	0.3155	0.347875	0.451	0.419	0.504	0.5375	0.407875	0.4715
2820	0.4695	0.47925	0.437	0.474	0.485375	0.44775	0.315	0.348875	0.452	0.42	0.5045	0.5385	0.407875	0.4705
2825	0.47	0.47925	0.4375	0.4745	0.485375	0.44925	0.3135	0.348875	0.4525	0.422	0.505	0.5385	0.404875	0.4695
2830	0.4695	0.47925	0.438	0.4735	0.484875	0.44825	0.3105	0.346875	0.452	0.421	0.503	0.5365	0.401375	0.4685
2835	0.47	0.47925	0.4375	0.4735	0.484875	0.44975	0.308	0.345875	0.4525	0.421	0.502	0.5355	0.401875	0.4675
2840	0.47	0.47975	0.4375	0.474	0.484875	0.44925	0.306	0.344875	0.4525	0.421	0.5005	0.5345	0.402875	0.468
2845	0.4705	0.48025	0.437	0.4745	0.484875	0.44925	0.306	0.345875	0.453	0.4225	0.5015	0.5355	0.405375	0.471
2850	0.471	0.47975	0.4375	0.474	0.484875	0.44925	0.302	0.344375	0.4525	0.4215	0.4995	0.533	0.406375	0.4695
2855	0.471	0.48075	0.438	0.475	0.484875	0.44925	0.3035	0.345875	0.4535	0.4225	0.501	0.534	0.409375	0.4715
2860	0.471	0.48025	0.439	0.4745	0.484875	0.44925	0.2995	0.343875	0.453	0.4225	0.4995	0.53	0.406375	0.469
2865	0.472	0.48175	0.439	0.476	0.485875	0.45075	0.302	0.346875	0.4535	0.4245	0.5025	0.533	0.408875	0.4695
2870	0.4725	0.48175	0.4395	0.476	0.485375	0.45075	0.3	0.346875	0.4545	0.4245	0.5025	0.534	0.409875	0.4685
2875	0.474	0.48325	0.44	0.477	0.486375	0.45175	0.3025	0.349875	0.455	0.427	0.506	0.5385	0.413875	0.471
2880	0.474	0.48375	0.4395	0.477	0.486375	0.45125	0.3005	0.349375	0.4555	0.4275	0.506	0.54	0.415875	0.471
2885	0.474	0.48375	0.4405	0.477	0.486375	0.45175	0.2985	0.348375	0.4555	0.427	0.5065	0.5385	0.416875	0.471
2890	0.475	0.48475	0.4405	0.4775	0.486375	0.45175	0.2995	0.349875	0.455	0.4285	0.508	0.54	0.418375	0.472
2895	0.4755	0.48575	0.4405	0.478	0.486375	0.45225	0.298	0.349875	0.4555	0.429	0.5095	0.541	0.417875	0.4725
2900	0.476	0.48625	0.4415	0.479	0.486875	0.45275	0.2985	0.351375	0.456	0.43	0.51	0.543	0.419375	0.4725
2905	0.476	0.48625	0.4415	0.4785	0.486875	0.45375	0.2955	0.349875	0.4565	0.43	0.508	0.5415	0.419875	0.472
2910	0.4765	0.48625	0.4425	0.479	0.486875	0.45375	0.2945	0.350875	0.4575	0.431	0.5085	0.541	0.420875	0.4715
2915	0.4765	0.48575	0.442	0.4785	0.486875	0.45325	0.292	0.349375	0.457	0.4305	0.508	0.5395	0.420875	0.47
2920	0.477	0.48775	0.4425	0.4795	0.486875	0.45425	0.293	0.350875	0.458	0.4325	0.511	0.541	0.422375	0.47
2925	0.477	0.48725	0.4425	0.4795	0.486875	0.45425	0.2905	0.349875	0.4575	0.432	0.511	0.5395	0.422375	0.468
2930	0.4775	0.48725	0.4425	0.4795	0.486375	0.45425	0.2885	0.349875	0.4575	0.4325	0.5125	0.5395	0.422375	0.468
2935	0.478	0.48675	0.4425	0.4795	0.486875	0.45425	0.2855	0.348375	0.4575	0.433	0.513	0.5365	0.421375	0.468
2940	0.4785	0.48875	0.4435	0.4805	0.487375	0.45475	0.287	0.350875	0.4585	0.4345	0.5155	0.538	0.423375	0.469
2945	0.479	0.48975	0.4435	0.481	0.487875	0.45525	0.2865	0.351375	0.4585	0.4355	0.517	0.5395	0.424375	0.47
2950	0.4785	0.48875	0.444	0.4805	0.487375	0.45525	0.2815	0.348375	0.459	0.4355	0.514	0.5365	0.422875	0.467
2955	0.48	0.49025	0.4445	0.4815	0.488375	0.45525	0.2825	0.351375	0.4595	0.437	0.515	0.538	0.424875	0.4685
2960	0.48	0.48975	0.4445	0.481	0.487875	0.45575	0.2795	0.350375	0.4595	0.4375	0.5125	0.536	0.424375	0.467
2965	0.481	0.49125	0.445	0.482	0.489375	0.45675	0.2815	0.353875	0.46	0.439	0.5155	0.5385	0.426375	0.469
2970	0.4825	0.49275	0.446	0.4835	0.489375	0.45675	0.283	0.356875	0.4605	0.442	0.519	0.5415	0.429375	0.4705
2975	0.4825	0.49275	0.447	0.4835	0.489375	0.45875	0.2815	0.356375	0.461	0.443	0.5185	0.541	0.429875	0.4715
2980	0.482	0.49275	0.447	0.4835	0.489375	0.45775	0.279	0.355875	0.4615	0.4425	0.518	0.5395	0.430875	0.4705
2985	0.483	0.49375	0.4465	0.484	0.489375	0.45775	0.2785	0.356875	0.4615	0.4435	0.519	0.54	0.432875	0.4705
2990	0.484	0.49375	0.4475	0.485	0.489375	0.45825	0.278	0.357375	0.4625	0.4445	0.5205	0.541	0.435375	0.474
2995	0.4845	0.49525	0.4475	0.4855	0.490375	0.45925	0.277	0.358875	0.462	0.4455	0.521	0.542	0.437875	0.475
3000	0.4845	0.49575	0.448	0.4855	0.490375	0.45975	0.276	0.357875	0.4635	0.447	0.52	0.542	0.438375	0.4735
3005	0.485	0.49575	0.4485	0.4855	0.490375	0.45975	0.274	0.357875	0.463	0.448	0.5195	0.5405	0.439375	0.474
3010	0.4855	0.49675	0.449	0.486	0.490875	0.45975	0.273	0.359375	0.464	0.4495	0.5205	0.5415	0.440875	0.4745
3015	0.486	0.49675	0.4495	0.487	0.491375	0.46025	0.2715	0.359875	0.4645	0.4515	0.5215	0.5475	0.442375	0.4745
3020	0.4865	0.49675	0.45	0.4875	0.491375	0.46125	0.2695	0.359375	0.465	0.452	0.521	0.5515	0.442875	0.4745
3025	0.4865	0.49775	0.4495	0.4875	0.491375	0.46125	0.269	0.360875	0.4655	0.453	0.5225	0.553	0.445375	0.4755
3030	0.487	0.49775	0.4495	0.4875	0.491375	0.46125	0.267	0.359375	0.465	0.453	0.5215	0.549	0.445375	0.475
3035	0.4875	0.49875	0.4505	0.4885	0.492375	0.46225	0.266	0.359875	0.4665	0.4535	0.522	0.5455	0.446375	0.4745
3040	0.4885	0.49925	0.4515	0.489	0.491875	0.46225	0.267	0.362375	0.4665	0.4545	0.523	0.5455	0.447875	0.4755
3045	0.489	0.50025	0.4515	0.489	0.492375	0.46425	0.2665	0.362875	0.467	0.456	0.523	0.545	0.448375	0.4755
3050	0.4885	0.50025	0.4525	0.4895	0.491875	0.46275	0.265	0.362375	0.4675	0.4555	0.523	0.543	0.448875	0.4745
3055	0.4895	0.50025	0.452	0.4895	0.492375	0.46375	0.2635	0.361375	0.4675	0.455	0.523	0.5415	0.448375	0.474
3060	0.49	0.50125	0.452	0.4905	0.492875	0.46375	0.263	0.362875	0.468	0.457	0.524	0.543	0.447875	0.4735
3065	0.4905	0.50125	0.4515	0.4905	0.492875	0.46425	0.2615	0.362375	0.468	0.4575	0.5235	0.542	0.446875	0.4725
3070	0.4915	0.50275	0.4535	0.4915	0.492875	0.46475	0.263	0.365375	0.4695	0.459	0.525	0.5455	0.449875	0.474
3075	0.4915	0.50275	0.454	0.491	0.492875	0.46475	0.262	0.364875	0.469	0.459	0.5245	0.5435	0.449875	0.4745
3080	0.4915	0.50225	0.454	0.491	0.492875	0.46525	0.2595	0.362875	0.469	0.459	0.523	0.5415	0.448875	0.4735
3085	0.4915	0.50275	0.4545	0.491	0.493375	0.46575	0.258	0.362875	0.469	0.458	0.523	0.539	0.446875	0.4725
3090	0.492	0.50275	0.455	0.492	0.493375	0.46475	0.258	0.362875	0.47	0.457	0.523	0.5385	0.445875	0.473
3095	0.4925	0.50325	0.455	0.492	0.493375	0.46575	0.257	0.362375	0.4705	0.457	0.5235	0.538	0.445375	0.4735
3100	0.493	0.50425	0.455	0.493	0.493875	0.46675	0.2565	0.364875	0.4705	0.457	0.5245	0.538	0.446875	0.474
3105	0.4935	0.50475	0.4565	0.4935	0.494375	0.46675	0.256	0.365375	0.4725	0.4575	0.525	0.539	0.448375	0.474
3110	0.494	0.50525	0.4565	0.4935	0.494375	0.46725	0.2555	0.365875	0.472	0.458	0.526	0.542	0.448375	0.473
3115	0.4945	0.50625	0.4565	0.4945	0.494375	0.46675	0.254	0.365375	0.4725	0.458	0.5255	0.545	0.447375	0.472
3120	0.4955	0.50725	0.4565	0.4945	0.494375	0.46825	0.2555	0.369375	0.473	0.4585	0.5275	0.5495	0.449375	0.474
3125	0.495	0.50725	0.4575	0.494	0.494875	0.46775	0.254	0.367375	0.473	0.4575	0.5275	0.5485	0.449875	0.4745
3130	0.4955	0.50625	0.4575	0.495	0.494375	0.46775	0.2525	0.364875	0.4745	0.457	0.526	0.5455	0.447875	0.473
3135	0.4955	0.50775	0.458	0.495	0.494875	0.46825	0.252	0.366375	0.474	0.4575	0.5265	0.5455	0.447375	0.4735
3140	0.496	0.50825	0.458	0.4955	0.494875	0.46875	0.252	0.366875	0.4735	0.459	0.528	0.5455	0.445375	0.474
3145	0.4965	0.50825	0.458	0.4955	0.495375	0.46825	0.2515	0.365875	0.474	0.4585	0.529	0.544	0.444375	0.475
3150	0.4975	0.50925	0.458	0.4955	0.495375	0.46875	0.252	0.367875	0.4755	0.4585	0.5335	0.5445	0.447875	0.477
3155	0.4975	0.50975	0.459	0.4965	0.496375	0.46925	0.251	0.368375	0.475	0.4585	0.5355	0.5435	0.447375	0.4765
3160	0.498	0.50975	0.46	0.496	0.496375	0.46975	0.2505	0.368875	0.477	0.458	0.538	0.5435	0.447875	0.4765
3165	0.4975	0.50875	0.4605	0.496	0.495875	0.46925	0.248	0.365875	0.477	0.4565	0.5385	0.54	0.443875	0.4745
3170	0.4975	0.50975	0.461	0.496	0.496375	0.47075	0.248	0.366375	0.477	0.4555	0.5395	0.5385	0.441875	0.4755
3175	0.4985	0.51025	0.4615	0.497	0.496875	0.46925	0.247	0.366375	0.478	0.456	0.5405	0.538	0.443875	0.4765
3180	0.499	0.51075	0.4605	0.4965	0.496375	0.47075	0.2465	0.367875	0.478	0.46	0.5415	0.537	0.444375	0.4755
3185	0.4985	0.50975	0.461	0.496	0.496875	0.47025	0.244	0.365375	0.478	0.463	0.54	0.5345	0.442375	0.4725
3190	0.499	0.51025	0.462	0.4965	0.497375	0.47175	0.2435	0.365875	0.4795	0.466	0.5405	0.534	0.441875	0.4715
3195	0.499	0.51075	0.4625	0.497	0.497375	0.47025	0.2425	0.365875	0.479	0.4665	0.5385	0.533	0.439375	0.471
3200	0.5	0.51175	0.463	0.497	0.497875	0.47175	0.243	0.367875	0.4795	0.4665	0.54	0.534	0.441875	0.474
3205	0.5005	0.51275	0.4625	0.497	0.497875	0.47175	0.243	0.368375	0.4795	0.4675	0.5395	0.5335	0.442875	0.4735
3210	0.5005	0.51175	0.464	0.497	0.497375	0.47225	0.24	0.365875	0.48	0.468	0.5375	0.5305	0.441375	0.473
3215	0.5015	0.51325	0.464	0.498	0.498375	0.47375	0.2415	0.369375	0.4805	0.47	0.54	0.534	0.443375	0.478
3220	0.5015	0.51275	0.4635	0.4975	0.498875	0.47425	0.239	0.366875	0.482	0.4705	0.5385	0.531	0.438875	0.477
3225	0.5015	0.51375	0.4645	0.497	0.498375	0.47425	0.239	0.367875	0.482	0.4715	0.5405	0.531	0.440375	0.478
3230	0.502	0.51425	0.465	0.498	0.498875	0.47425	0.239	0.368875	0.482	0.471	0.541	0.531	0.440875	0.4795
3235	0.5025	0.51525	0.4655	0.4975	0.498375	0.47525	0.2375	0.368875	0.483	0.471	0.542	0.5305	0.440375	0.482
3240	0.5025	0.51525	0.4665	0.498	0.498875	0.47525	0.237	0.368375	0.4825	0.4705	0.543	0.5305	0.439375	0.4825
3245	0.5025	0.51525	0.466	0.4985	0.499375	0.47525	0.2355	0.368875	0.4835	0.472	0.544	0.53	0.439375	0.4835
3250	0.5035	0.51575	0.466	0.4985	0.499875	0.47575	0.2355	0.369875	0.484	0.4735	0.5475	0.5295	0.440875	0.4835
3255	0.5035	0.51475	0.4665	0.498	0.499375	0.47525	0.2335	0.366875	0.4835	0.4745	0.546	0.5265	0.438875	0.4885
3260	0.5045	0.51625	0.4675	0.499	0.500375	0.47575	0.234	0.370875	0.485	0.4765	0.55	0.5285	0.440875	0.492
3265	0.5035	0.51475	0.4675	0.498	0.499875	0.47625	0.2305	0.365875	0.4845	0.4725	0.5465	0.524	0.436875	0.4835
3270	0.5045	0.51575	0.4675	0.498	0.499875	0.47675	0.2305	0.366875	0.4855	0.4725	0.547	0.5235	0.436875	0.477
3275	0.5045	0.51675	0.4685	0.499	0.500875	0.47775	0.231	0.367875	0.485	0.4745	0.5505	0.5235	0.437375	0.4745
3280	0.5045	0.51675	0.4685	0.4995	0.500875	0.47725	0.23	0.368375	0.4855	0.475	0.553	0.523	0.437375	0.4765
3285	0.5045	0.51625	0.4685	0.4985	0.500875	0.47725	0.229	0.365375	0.486	0.473	0.5515	0.5215	0.435875	0.478
3290	0.5055	0.51675	0.469	0.499	0.501375	0.47725	0.228	0.364875	0.4865	0.472	0.55	0.5205	0.433375	0.482
3295	0.5065	0.51925	0.4705	0.5	0.502375	0.47925	0.2305	0.371875	0.488	0.473	0.5545	0.5245	0.437375	0.4815
3300	0.506	0.51775	0.4705	0.4995	0.501875	0.47925	0.227	0.366875	0.4875	0.471	0.5515	0.521	0.435375	0.4765
3305	0.508	0.51975	0.4715	0.5005	0.503375	0.47975	0.2285	0.372375	0.4875	0.4715	0.552	0.525	0.437875	0.475
3310	0.507	0.51925	0.471	0.5005	0.502875	0.48075	0.227	0.371375	0.488	0.4705	0.5495	0.5235	0.438375	0.476
3315	0.508	0.51975	0.472	0.5	0.503875	0.47975	0.2265	0.371875	0.488	0.47	0.547	0.5245	0.439375	0.483
3320	0.5085	0.52025	0.472	0.5005	0.504375	0.48025	0.226	0.371875	0.488	0.4695	0.552	0.524	0.438375	0.4795
3325	0.5085	0.52075	0.472	0.501	0.504875	0.47975	0.2255	0.371875	0.4885	0.475	0.5535	0.5245	0.437875	0.4765
3330	0.5095	0.52075	0.472	0.501	0.504875	0.48075	0.225	0.371875	0.4895	0.4785	0.553	0.5275	0.438375	0.473
3335	0.5095	0.52125	0.474	0.5015	0.505875	0.48225	0.224	0.372375	0.4895	0.481	0.5515	0.5285	0.437875	0.4735
3340	0.5105	0.52225	0.4735	0.5015	0.506375	0.48175	0.2235	0.374875	0.49	0.4785	0.5525	0.531	0.439375	0.482
3345	0.5105	0.52225	0.474	0.5015	0.506875	0.48225	0.2225	0.374375	0.49	0.477	0.5515	0.531	0.438875	0.4845
3350	0.5115	0.52325	0.475	0.502	0.507375	0.48275	0.223	0.376375	0.4915	0.479	0.5515	0.531	0.439875	0.4765
3355	0.511	0.52275	0.475	0.502	0.507375	0.48275	0.2215	0.374375	0.491	0.4815	0.547	0.528	0.438875	0.4705
3360	0.5115	0.52325	0.475	0.502	0.508375	0.48375	0.221	0.375875	0.4915	0.482	0.5455	0.5285	0.438875	0.4675
3365	0.512	0.52375	0.4765	0.502	0.508875	0.48375	0.219	0.374875	0.491	0.4795	0.545	0.527	0.437875	0.465
3370	0.5115	0.52325	0.4765	0.5015	0.508875	0.48425	0.2165	0.372375	0.4915	0.4795	0.5415	0.524	0.435875	0.467
3375	0.513	0.52425	0.478	0.503	0.510375	0.48525	0.2175	0.376375	0.493	0.4815	0.5405	0.5255	0.436875	0.4755
3380	0.5135	0.52425	0.477	0.503	0.511375	0.48625	0.2165	0.375875	0.4935	0.4825	0.5395	0.5245	0.436375	0.4785
3385	0.5135	0.52525	0.4775	0.503	0.511375	0.48575	0.2165	0.376875	0.493	0.4805	0.537	0.5255	0.436375	0.467
3390	0.5145	0.52575	0.4785	0.5035	0.512375	0.48625	0.217	0.378375	0.494	0.481	0.5355	0.527	0.437875	0.4585
3395	0.5145	0.52575	0.4785	0.503	0.513375	0.48625	0.2155	0.377375	0.4935	0.4795	0.537	0.5265	0.437375	0.4545
3400	0.5145	0.52625	0.48	0.504	0.513875	0.48675	0.2145	0.376375	0.495	0.4795	0.5365	0.526	0.437375	0.4585
3405	0.5145	0.52625	0.4785	0.5035	0.515375	0.48675	0.214	0.376875	0.4945	0.4815	0.535	0.5255	0.438375	0.462
3410	0.5145	0.52675	0.479	0.5035	0.515875	0.48775	0.2125	0.376875	0.4945	0.4805	0.538	0.525	0.438875	0.4525
3415	0.515	0.52625	0.4805	0.504	0.516875	0.48875	0.21	0.374875	0.4945	0.4805	0.5385	0.522	0.437375	0.447
3420	0.5155	0.52675	0.4805	0.504	0.517375	0.48825	0.21	0.377375	0.4945	0.4805	0.5435	0.523	0.436875	0.4475
3425	0.516	0.52725	0.481	0.5045	0.518875	0.48975	0.209	0.376875	0.495	0.481	0.5505	0.523	0.435875	0.454
3430	0.5165	0.52775	0.4815	0.5045	0.519375	0.48925	0.208	0.377375	0.496	0.4815	0.5575	0.523	0.435375	0.46
3435	0.5165	0.52775	0.4815	0.5045	0.520375	0.48875	0.2065	0.377375	0.4955	0.48	0.5585	0.522	0.435375	0.4525
3440	0.517	0.52875	0.4815	0.505	0.521375	0.49125	0.206	0.377875	0.497	0.481	0.5605	0.521	0.434875	0.4485
3445	0.5175	0.52875	0.4835	0.505	0.522375	0.49075	0.206	0.378875	0.4955	0.4815	0.5555	0.52	0.434375	0.4465
3450	0.5175	0.52925	0.4835	0.5055	0.522875	0.49125	0.2055	0.378375	0.4975	0.482	0.5575	0.521	0.432875	0.455
3455	0.5185	0.52925	0.484	0.5055	0.523875	0.49175	0.2045	0.378875	0.497	0.4815	0.5565	0.521	0.431375	0.45
3460	0.5185	0.53025	0.4845	0.506	0.524875	0.49175	0.204	0.378875	0.498	0.481	0.556	0.5205	0.431875	0.4495
3465	0.519	0.53025	0.485	0.506	0.525875	0.49275	0.203	0.379875	0.498	0.4795	0.5555	0.5215	0.431875	0.4485
3470	0.519	0.53025	0.4865	0.507	0.526875	0.49325	0.201	0.378875	0.4975	0.4825	0.5555	0.52	0.431375	0.453
3475	0.5185	0.52925	0.485	0.506	0.527375	0.49425	0.1985	0.375375	0.4975	0.4795	0.5505	0.5165	0.427875	0.4535
3480	0.519	0.53025	0.486	0.5065	0.527375	0.49425	0.198	0.376875	0.499	0.48	0.549	0.518	0.427375	0.448
3485	0.5205	0.53175	0.487	0.5075	0.529375	0.49575	0.1975	0.379875	0.4985	0.479	0.5495	0.5195	0.429375	0.446
3490	0.52	0.53175	0.4875	0.5075	0.530375	0.49625	0.1965	0.380375	0.499	0.4795	0.5495	0.52	0.428875	0.4395
3495	0.5205	0.53225	0.4875	0.508	0.530875	0.49675	0.1955	0.380375	0.499	0.4745	0.547	0.5195	0.428375	0.439
3500	0.521	0.53225	0.488	0.5075	0.531875	0.49675	0.195	0.379875	0.5	0.476	0.5485	0.5195	0.426875	0.4425
3505	0.521	0.53175	0.4885	0.5085	0.532375	0.49725	0.194	0.378375	0.4995	0.4735	0.5445	0.518	0.426875	0.4435
3510	0.522	0.53275	0.4885	0.509	0.533375	0.49925	0.194	0.381375	0.5	0.4745	0.5445	0.52	0.427875	0.4405
3515	0.5215	0.53325	0.4905	0.5095	0.534375	0.49875	0.1935	0.380875	0.501	0.471	0.543	0.519	0.427875	0.4375
3520	0.523	0.53425	0.49	0.5095	0.535875	0.49925	0.1935	0.381875	0.5005	0.4685	0.544	0.52	0.427875	0.4295
3525	0.523	0.53425	0.491	0.51	0.535875	0.49975	0.192	0.381375	0.5005	0.4625	0.5445	0.5175	0.426375	0.4305
3530	0.523	0.53375	0.4915	0.5095	0.536375	0.49925	0.1905	0.381375	0.501	0.4615	0.546	0.519	0.426375	0.432
3535	0.5235	0.53425	0.4925	0.5105	0.537375	0.50025	0.191	0.382875	0.5015	0.4615	0.5465	0.52	0.426375	0.4335
3540	0.524	0.53425	0.4915	0.5105	0.538375	0.50175	0.189	0.382375	0.5015	0.465	0.548	0.5185	0.426375	0.4285
3545	0.524	0.53425	0.493	0.51	0.538875	0.50225	0.1875	0.380875	0.5015	0.4655	0.5495	0.517	0.424375	0.427
3550	0.5235	0.53425	0.4925	0.5105	0.539375	0.50275	0.185	0.379375	0.5015	0.465	0.549	0.516	0.421375	0.422
3555	0.524	0.53525	0.4935	0.5115	0.540375	0.50325	0.1825	0.381875	0.5005	0.4635	0.5505	0.517	0.421375	0.42
3560	0.524	0.53525	0.4945	0.5115	0.540875	0.50375	0.1815	0.381375	0.502	0.4605	0.557	0.5165	0.420375	0.421
3565	0.5255	0.53625	0.496	0.5125	0.542375	0.50475	0.1815	0.382375	0.5025	0.46	0.56	0.5165	0.419875	0.4255
3570	0.5255	0.53625	0.4955	0.5115	0.542875	0.50525	0.1805	0.382375	0.502	0.4655	0.562	0.5125	0.419375	0.431
3575	0.527	0.53775	0.496	0.513	0.544375	0.50525	0.183	0.385875	0.504	0.462	0.5665	0.515	0.421375	0.427
3580	0.526	0.53675	0.497	0.5125	0.544375	0.50625	0.181	0.383875	0.504	0.465	0.567	0.5135	0.419875	0.4235
3585	0.5265	0.53775	0.4975	0.513	0.545875	0.50725	0.1795	0.383375	0.505	0.4665	0.564	0.5135	0.419875	0.4205
3590	0.527	0.53775	0.498	0.5135	0.546375	0.50775	0.182	0.385875	0.5045	0.4635	0.5625	0.5155	0.422875	0.4285
3595	0.5275	0.53875	0.4995	0.5145	0.547375	0.50775	0.181	0.387375	0.5055	0.468	0.565	0.518	0.425375	0.428
3600	0.527	0.53875	0.499	0.5145	0.548375	0.50875	0.1805	0.385375	0.5055	0.4675	0.5655	0.5215	0.426375	0.4205
